[ 
 (1.0, -0.0, 0.0, 0.0, 0.0, 1.0, 9.31323e-10, 0.0, -0.0, -8.67365e-19, 1.0, 0.0, 0.0, 136.853, -1.83984, 1.0),
 (-0.103434, 
  0.108028, 
  -0.988753, 
  0.0, 
  
  0.994398, 
  0.0330021,
  -0.100418, 
  0.0, 
  0.0217828, 
  -0.9936, 
  -0.110837, 
  0.0,
  63.3132, 
  127.577, 
  -2.44756, 
  1.0), 
 (0.0104634, -0.0107736, -0.999888, 0.0, 0.999789, -0.0175218, 0.0106512, 0.0, -0.0176346, -0.999789, 0.010588, 0.0, 10.2442, 127.482, -0.713993, 1.0), (0.0310048, -0.0111315, -0.999457, 0.0, 0.999519, -0.000105642, 0.0310079, 0.0, -0.00045079, -0.999938, 0.0111228, 0.0, 34.4427, 127.057, -0.456191, 1.0), (-0.0067022, 0.111919, -0.993695, 0.0, 0.998977, 0.0451901, -0.00164813, 0.0, 0.0447206, -0.99269, -0.112107, 0.0, 63.4223, 127.341, 0.868147, 1.0), (-0.0760834, 0.109235, -0.9911, 0.0, 0.991673, 0.111868, -0.0637977, 0.0, 0.103903, -0.987701, -0.116837, 0.0, 63.5361, 127.338, -0.859515, 1.0), (-0.0278971, 0.111156, -0.993412, 0.0, 0.999025, 0.0371122, -0.0239021, 0.0, 0.0342108, -0.99311, -0.112083, 0.0, 56.0274, 127.055, 0.213385, 1.0), (0.550455, 0.112329, -0.827274, 0.0, 0.793015, -0.380147, 0.476042, 0.0, -0.261012, -0.91808, -0.298332, 0.0, 58.2213, 125.795, 2.17033, 1.0), (-0.103433, 0.108029, -0.988753, 0.0, 0.994637, 0.0111402, -0.102832, 0.0, -9.39369e-05, -0.994086, -0.108601, 0.0, 65.7795, 127.659, -2.69714, 1.0), (-0.0760836, 0.109236, -0.9911, 0.0, 0.996797, 0.0329121, -0.0728934, 0.0, 0.0246565, -0.993471, -0.11139, 0.0, 66.358, 127.656, -1.03678, 1.0), (-0.103434, 0.108029, -0.988753, 0.0, 0.99129, 0.0926759, -0.0935735, 0.0, 0.0815249, -0.989819, -0.116674, 0.0, 67.72, 127.681, -2.89914, 1.0), (-0.00670222, 0.111918, -0.993695, 0.0, 0.99821, -0.058296, -0.0132984, 0.0, -0.0594168, -0.992006, -0.111327, 0.0, 66.7984, 127.494, 0.864453, 1.0), (-0.0760835, 0.109235, -0.9911, 0.0, 0.996584, -0.0236831, -0.0791148, 0.0, -0.0321144, -0.993733, -0.10706, 0.0, 69.0303, 127.744, -1.23295, 1.0), (-0.00670218, 0.111918, -0.993695, 0.0, 0.996672, 0.0814854, 0.00245531, 0.0, 0.0812464, -0.990371, -0.112092, 0.0, 69.9835, 127.308, 0.816542, 1.0), (0.0818409, 0.114556, -0.99004, 0.0, 0.996636, -0.0052247, 0.0817816, 0.0, 0.00419599, -0.993403, -0.114599, 0.0, 63.1936, 126.986, 2.58241, 1.0), (0.081841, 0.114556, -0.99004, 0.0, 0.996572, -0.0214475, 0.0798994, 0.0, -0.0120809, -0.993185, -0.115919, 0.0, 66.1836, 126.97, 2.82833, 1.0), (0.081841, 0.114556, -0.99004, 0.0, 0.996635, -0.0139558, 0.0807713, 0.0, -0.00456399, -0.993318, -0.115313, 0.0, 68.9228, 126.911, 3.04746, 1.0), (0.550454, 0.112329, -0.827274, 0.0, 0.815219, -0.286022, 0.503596, 0.0, -0.18005, -0.951617, -0.249015, 0.0, 62.5116, 123.789, 5.2266, 1.0), (0.550454, 0.112329, -0.827274, 0.0, 0.807466, -0.323412, 0.493361, 0.0, -0.212131, -0.939568, -0.268725, 0.0, 59.9765, 124.788, 3.73594, 1.0), (-0.029777, -0.100816, 0.99446, 0.0, -0.9988, 0.0416908, -0.0256805, 0.0, -0.0388709, -0.994031, -0.101936, 0.0, -56.0273, 127.055, 0.197886, 1.0), (0.00642945, 0.00732119, 0.999952, 0.0, -0.999825, -0.0175251, 0.00655694, 0.0, 0.0175723, -0.999819, 0.00720724, 0.0, -10.2442, 127.481, -0.647786, 1.0), (0.0318078, 0.00776371, 0.999464, 0.0, -0.999494, -0.000106819, 0.0318096, 0.0, 0.000353694, -0.99997, 0.00775639, 0.0, -34.4426, 127.057, -0.489089, 1.0), (0.00424679, -0.102176, 0.994757, 0.0, -0.999583, 0.0279569, 0.00713899, 0.0, -0.0285398, -0.994374, -0.102015, 0.0, -63.302, 127.383, 0.854069, 1.0), (-0.0481754, -0.100031, 0.993818, 0.0, -0.997359, 0.0589621, -0.0424124, 0.0, -0.0543549, -0.993236, -0.102607, 0.0, -63.481, 127.485, -0.972448, 1.0), (-0.109007, -0.0971867, 0.989278, 0.0, -0.992195, 0.0712541, -0.102329, 0.0, -0.0605451, -0.992712, -0.104195, 0.0, -63.3918, 127.519, -2.40691, 1.0), (-0.0481754, -0.100031, 0.993818, 0.0, -0.997955, 0.0466656, -0.043679, 0.0, -0.0420078, -0.993889, -0.102074, 0.0, -66.2891, 127.651, -1.09038, 1.0), (-0.109007, -0.0971863, 0.989278, 0.0, -0.994015, 0.00349102, -0.109186, 0.0, 0.00715774, -0.99526, -0.0969853, 0.0, -65.8219, 127.693, -2.65824, 1.0), (-0.109008, -0.0971865, 0.989278, 0.0, -0.980871, 0.171981, -0.0911858, 0.0, -0.161275, -0.980294, -0.114075, 0.0, -67.7755, 127.701, -2.87924, 1.0), (-0.0481755, -0.100031, 0.993818, 0.0, -0.998434, 0.0331425, -0.0450634, 0.0, -0.0284298, -0.994432, -0.101471, 0.0, -69.0192, 127.779, -1.20993, 1.0), (0.00424675, -0.102176, 0.994757, 0.0, -0.999261, -0.0384202, 0.000319668, 0.0, 0.0381861, -0.994024, -0.102264, 0.0, -66.6117, 127.475, 0.886934, 1.0), (0.00424681, -0.102177, 0.994757, 0.0, -0.992718, -0.120187, -0.00810695, 0.0, 0.120385, -0.987479, -0.101943, 0.0, -69.7985, 127.352, 0.887904, 1.0), (0.0977929, -0.105308, 0.989619, 0.0, -0.995197, -0.00577253, 0.0977298, 0.0, -0.00457913, -0.994423, -0.105367, 0.0, -63.2018, 127.053, 2.56415, 1.0), (0.0977928, -0.105308, 0.989619, 0.0, -0.994546, -0.0465532, 0.0933259, 0.0, 0.0362421, -0.99335, -0.109286, 0.0, -66.137, 127.036, 2.8514, 1.0), (0.0977932, -0.105308, 0.989619, 0.0, -0.991814, 0.0717172, 0.105642, 0.0, -0.0820976, -0.99185, -0.0974324, 0.0, -68.9239, 126.906, 3.10737, 1.0), (0.548909, -0.106484, 0.829072, 0.0, -0.791423, -0.385371, 0.474487, 0.0, 0.268976, -0.916597, -0.295807, 0.0, -58.2702, 125.758, 2.17675, 1.0), (0.548908, -0.106484, 0.829072, 0.0, -0.8092, -0.316298, 0.495127, 0.0, 0.209511, -0.942665, -0.259786, 0.0, -60.0644, 124.721, 3.7598, 1.0), (0.548909, -0.106483, 0.829072, 0.0, -0.812949, -0.298747, 0.499864, 0.0, 0.194456, -0.948373, -0.25055, 0.0, -62.5686, 123.759, 5.23136, 1.0), (1.0, -0.0, 0.0, 0.0, 0.0, 1.0, 4.65661e-10, 0.0, 0.0, 5.90575e-19, 1.0, 0.0, 0.0, 130.854, -0.680887, 1.0), (1.0, -0.0, 0.0, 0.0, 0.0, 0.999984, -0.00565539, 0.0, 0.0, 0.00565539, 0.999984, 0.0, 0.0, 122.385, -0.632994, 1.0), (1.0, -0.0, 0.0, 0.0, 0.0, 0.999984, -0.00565539, 0.0, 0.0, 0.00565539, 0.999984, 0.0, 0.0, 114.858, -0.590421, 1.0), (-0.00509225, -0.00565668, -0.999971, 0.0, 0.949904, -0.312529, -0.00306936, 0.0, -0.312502, -0.949891, 0.00696477, 0.0, 3.41461, 129.728, -0.691921, 1.0), (1.0, -0.0, 0.0, 0.0, 0.0, 0.999984, -0.0056554, 0.0, 0.0, 0.0056554, 0.999984, 0.0, 0.0, 108.271, -0.55317, 1.0), (1.0, -0.0, 0.0, 0.0, 0.0, 1.0, 4.65661e-10, 0.0, -0.0, -0.0, 1.0, 0.0, 0.0, 102.625, -0.521241, 1.0), (-0.997839, -0.0656968, 0.00102436, 0.0, 0.0657048, -0.997718, 0.0155567, 0.0, -2.32831e-10, 0.0155904, 0.999879, 0.0, 6.62018, 93.8084, -0.968421, 1.0), (-0.997838, 0.0657094, -0.000468902, 0.0, -0.0657111, -0.997814, 0.00712039, 0.0, 1.16415e-10, 0.0071358, 0.999974, 0.0, -6.62017, 93.8084, -0.968423, 1.0), (-0.999722, -0.0235435, 0.000367097, 0.0, 0.0235459, -0.99948, 0.0220276, 0.0, -0.0001517, 0.0220301, 0.999758, 0.0, 9.36917, 57.7316, -0.31755, 1.0), (-0.998471, -0.0246127, -0.0494855, 0.0, -0.0226712, -0.634173, 0.77286, 0.0, -0.0504046, 0.7728, 0.632645, 0.0, 10.4585, 11.4926, 0.701506, 1.0), (-0.999727, 0.0188294, -0.0138758, 0.0, -0.014206, -0.0175223, 0.999745, 0.0, 0.0185815, 0.999669, 0.017785, 0.0, 10.0874, 1.11211, 13.3521, 1.0), (0.00137008, 0.00565667, 0.999983, 0.0, -0.949905, -0.312527, 0.00306936, 0.0, 0.312539, -0.949892, 0.00494511, 0.0, -3.4146, 129.728, -0.669853, 1.0), (-0.998629, 0.0239006, 0.0465729, 0.0, 0.0220065, -0.615574, 0.787773, 0.0, 0.0474973, 0.787718, 0.614203, 0.0, -10.4585, 11.4926, 0.157305, 1.0), (-0.999722, 0.0235502, -0.000168054, 0.0, -0.0235508, -0.999691, 0.00804515, 0.0, 2.14629e-05, 0.00804688, 0.999967, 0.0, -9.36916, 57.7317, -0.21481, 1.0), (-0.999742, -0.0179969, 0.0138648, 0.0, 0.0141798, -0.0175013, 0.999747, 0.0, -0.0177497, 0.999685, 0.017752, 0.0, -10.0874, 1.11195, 13.4418, 1.0) ]


# capt_xform的排列就是trasforms的排列