#usda 1.0
(
    defaultPrim = "Model"
    endTimeCode = 10
    metersPerUnit = 0.01
    startTimeCode = 1
    upAxis = "Y"
)

def SkelRoot "Model" (
    prepend apiSchemas = ["SkelBindingAPI"]
    kind = "component"
)
{
    def Skeleton "Skel" (
        prepend apiSchemas = ["SkelBindingAPI"]
    )
    {
        uniform matrix4d[] bindTransforms = [( (1, -0, 0, 0), (0, 1, 4.656612873077393e-10, 0), (-0, -0, 1, 0), (0, 102.6252670288086, -0.5212409496307373, 1) ), 
        
        ( (1, -0, 0, 0), (0, 0.9999838471412659, -0.005655398592352867, 0), (0, 0.005655399523675442, 0.9999839663505554, 0), (0, 108.27098083496094, -0.553170382976532, 1) ), ( (-0.9978392124176025, -0.0656968206167221, 0.0010243647266179323, 0), (0.06570478528738022, -0.9977177977561951, 0.015556717291474342, 0), (-2.3283064365386963e-10, 0.015590417198836803, 0.999879002571106, 0), (6.620180606842041, 93.80841064453125, -0.9684205651283264, 1) ), ( (-0.9978383779525757, 0.0657094344496727, -0.0004689017659984529, 0), (-0.0657111331820488, -0.9978135824203491, 0.007120385766029358, 0), (1.1641532182693481e-10, 0.00713580334559083, 0.9999740123748779, 0), (-6.620173454284668, 93.8084487915039, -0.9684228897094727, 1) ), ( (1, -0, 0, 0), (0, 0.9999839663505554, -0.005655390210449696, 0), (0, 0.005655389744788408, 0.9999840259552002, 0), (0, 114.85765075683594, -0.5904211401939392, 1) ), ( (-0.999722421169281, -0.023543518036603928, 0.0003670974401757121, 0), (0.02354590594768524, -0.9994800686836243, 0.022027572616934776, 0), (-0.00015170034021139145, 0.02203010953962803, 0.9997575879096985, 0), (9.369168281555176, 57.73163604736328, -0.31754976511001587, 1) ), ( (-0.9997222423553467, 0.023550208657979965, -0.00016805405903141946, 0), (-0.02355082333087921, -0.999690592288971, 0.008045154623687267, 0), (0.000021462910808622837, 0.008046875707805157, 0.9999673366546631, 0), (-9.36916446685791, 57.73165512084961, -0.21480950713157654, 1) ), ( (1, -0, 0, 0), (0, 0.9999839663505554, -0.005655390210449696, 0), (0, 0.005655389744788408, 0.9999839663505554, 0), (0, 122.38529205322266, -0.6329935193061829, 1) ), ( (-0.9984710216522217, -0.02461271546781063, -0.04948551952838898, 0), (-0.022671222686767578, -0.6341725587844849, 0.7728596329689026, 0), (-0.05040460824966431, 0.7727999091148376, 0.6326448321342468, 0), (10.458471298217773, 11.492630004882812, 0.7015061974525452, 1) ), ( (-0.9986288547515869, 0.02390061505138874, 0.046572860330343246, 0), (0.022006452083587646, -0.615573525428772, 0.7877725958824158, 0), (0.04749727249145508, 0.7877175211906433, 0.6142033934593201, 0), (-10.458477020263672, 11.492618560791016, 0.15730451047420502, 1) ), ( (1, -0, 0, 0), (0, 1, 4.656612873077393e-10, 0), (0, 5.905752660056433e-19, 1, 0), (0, 130.8538818359375, -0.6808869242668152, 1) ), ( (-0.005092247389256954, -0.005656676832586527, -0.9999711513519287, 0), (0.9499040246009827, -0.3125285804271698, -0.003069362137466669, 0), (-0.31250178813934326, -0.9498912692070007, 0.00696476548910141, 0), (3.414612293243408, 129.72842407226562, -0.6919212937355042, 1) ), ( (-0.9997269511222839, 0.01882943883538246, -0.013875809498131275, 0), (-0.014205992221832275, -0.017522290349006653, 0.9997451305389404, 0), (0.018581507727503777, 0.9996693134307861, 0.01778499223291874, 0), (10.087384223937988, 1.1121127605438232, 13.352128028869629, 1) ), ( (0.0013700755080208182, 0.005656674038618803, 0.9999830722808838, 0), (-0.9499045014381409, -0.31252700090408325, 0.0030693563167005777, 0), (0.31253883242607117, -0.9498918056488037, 0.004945110063999891, 0), (-3.414604425430298, 129.72840881347656, -0.6698533892631531, 1) ), ( (-0.9997417330741882, -0.017996912822127342, 0.013864791952073574, 0), (0.014179766178131104, -0.017501309514045715, 0.9997466802597046, 0), (-0.017749695107340813, 0.9996846914291382, 0.01775198057293892, 0), (-10.087372779846191, 1.111948847770691, 13.441839218139648, 1) ), ( (1, -0, 0, 0), (0, 1, 9.313225746154785e-10, 0), (-0, -8.673650467108538e-19, 1, 0), (0, 136.852783203125, -1.839844822883606, 1) ), ( (0.010463396087288857, -0.010773640125989914, -0.9998875260353088, 0), (0.9997894167900085, -0.017521847039461136, 0.01065116561949253, 0), (-0.017634645104408264, -0.9997888803482056, 0.010588038712739944, 0), (10.244162559509277, 127.48152160644531, -0.7139926552772522, 1) ), ( (0.006429446395486593, 0.007321192882955074, 0.9999521374702454, 0), (-0.9998248219490051, -0.017525093629956245, 0.006556938402354717, 0), (0.017572253942489624, -0.9998192191123962, 0.007207235787063837, 0), (-10.244162559509277, 127.4814224243164, -0.6477861404418945, 1) ), ( (0.031004801392555237, -0.011131465435028076, -0.9994574785232544, 0), (0.9995192885398865, -0.00010564161493675783, 0.03100789524614811, 0), (-0.0004507899284362793, -0.9999381303787231, 0.01112283393740654, 0), (34.44266128540039, 127.05731964111328, -0.4561905562877655, 1) ), ( (0.031807806342840195, 0.0077637117356061935, 0.999463677406311, 0), (-0.9994938373565674, -0.0001068188576027751, 0.031809594482183456, 0), (0.00035369396209716797, -0.9999696016311646, 0.007756385952234268, 0), (-34.44264602661133, 127.05728912353516, -0.48908916115760803, 1) ), ( (-0.02789708971977234, 0.11115603148937225, -0.993411660194397, 0), (0.9990253448486328, 0.03711223602294922, -0.023902127519249916, 0), (0.03421083092689514, -0.9931095838546753, -0.11208294332027435, 0), (56.02737808227539, 127.05498504638672, 0.2133851796388626, 1) ), ( (-0.029777009040117264, -0.10081560909748077, 0.9944599270820618, 0), (-0.9987999796867371, 0.04169083759188652, -0.025680458173155785, 0), (-0.03887090086936951, -0.9940314888954163, -0.10193609446287155, 0), (-56.02734375, 127.0550308227539, 0.19788633286952972, 1) ), ( (-0.10343356430530548, 0.10802832990884781, -0.9887528419494629, 0), (0.9943975806236267, 0.03300206735730171, -0.1004183441400528, 0), (0.021782755851745605, -0.9935997128486633, -0.11083657294511795, 0), (63.31320571899414, 127.57737731933594, -2.4475643634796143, 1) ), ( (-0.006702203303575516, 0.11191863566637039, -0.9936946034431458, 0), (0.9989770650863647, 0.04519007354974747, -0.0016481264028698206, 0), (0.044720619916915894, -0.9926897883415222, -0.11210706830024719, 0), (63.42228698730469, 127.34138488769531, 0.868146538734436, 1) ), ( (-0.07608336210250854, 0.10923515260219574, -0.9910996556282043, 0), (0.9916729927062988, 0.11186789721250534, -0.0637977123260498, 0), (0.10390332341194153, -0.9877007603645325, -0.11683683842420578, 0), (63.5361328125, 127.3377456665039, -0.8595147132873535, 1) ), ( (0.5504545569419861, 0.11232905834913254, -0.8272740244865417, 0), (0.793014645576477, -0.3801468014717102, 0.4760418236255646, 0), (-0.2610122263431549, -0.9180797338485718, -0.298332154750824, 0), (58.221275329589844, 125.79536437988281, 2.1703264713287354, 1) ), ( (0.0818408876657486, 0.11455647647380829, -0.9900397658348083, 0), (0.9966362118721008, -0.005224699154496193, 0.08178163319826126, 0), (0.004195988178253174, -0.9934029579162598, -0.11459878832101822, 0), (63.193626403808594, 126.98558044433594, 2.5824134349823, 1) ), ( (0.004246793687343597, -0.10217633098363876, 0.9947574734687805, 0), (-0.9995831847190857, 0.02795691415667534, 0.00713898753747344, 0), (-0.028539836406707764, -0.9943737387657166, -0.10201508551836014, 0), (-63.30202865600586, 127.38301086425781, 0.85406893491745, 1) ), ( (-0.04817541688680649, -0.10003075748682022, 0.9938176870346069, 0), (-0.9973587393760681, 0.05896208807826042, -0.04241236671805382, 0), (-0.05435487627983093, -0.9932357668876648, -0.10260702669620514, 0), (-63.48098373413086, 127.48548889160156, -0.9724476933479309, 1) ), ( (-0.10900714993476868, -0.09718667715787888, 0.989278256893158, 0), (-0.9921954274177551, 0.07125413417816162, -0.10232860594987869, 0), (-0.060545146465301514, -0.9927120804786682, -0.10419538617134094, 0), (-63.39179229736328, 127.51852416992188, -2.406914710998535, 1) ), ( (0.0977928638458252, -0.10530818998813629, 0.9896190166473389, 0), (-0.995196521282196, -0.005772534292191267, 0.09772975742816925, 0), (-0.004579126834869385, -0.9944227933883667, -0.10536687076091766, 0), (-63.20182418823242, 127.0531997680664, 2.5641531944274902, 1) ), ( (0.5489086508750916, -0.1064835786819458, 0.8290718793869019, 0), (-0.7914233207702637, -0.38537120819091797, 0.4744865596294403, 0), (0.26897555589675903, -0.916597306728363, -0.29580745100975037, 0), (-58.27021789550781, 125.75823974609375, 2.1767468452453613, 1) ), ( (-0.10343339294195175, 0.10802862793207169, -0.9887529015541077, 0), (0.9946368336677551, 0.011140202172100544, -0.10283175110816956, 0), (-0.00009393692016601562, -0.9940856695175171, -0.10860145837068558, 0), (65.77948760986328, 127.65935516357422, -2.697139263153076, 1) ), ( (-0.07608355581760406, 0.10923564434051514, -0.9910997748374939, 0), (0.9967970252037048, 0.03291207551956177, -0.07289344817399979, 0), (0.02465653419494629, -0.9934706687927246, -0.11138977110385895, 0), (66.35797882080078, 127.65554809570312, -1.0367809534072876, 1) ), ( (-0.006702221930027008, 0.11191795021295547, -0.9936947226524353, 0), (0.9982104897499084, -0.058295972645282745, -0.013298449106514454, 0), (-0.05941680073738098, -0.9920060038566589, -0.11132699996232986, 0), (66.79839324951172, 127.49382781982422, 0.8644533157348633, 1) ), ( (0.08184101432561874, 0.11455630511045456, -0.9900397658348083, 0), (0.9965723752975464, -0.02144745923578739, 0.079899363219738, 0), (-0.012080907821655273, -0.9931853413581848, -0.11591893434524536, 0), (66.18363189697266, 126.96985626220703, 2.8283300399780273, 1) ), ( (0.550454318523407, 0.11232917010784149, -0.8272741436958313, 0), (0.8074658513069153, -0.32341188192367554, 0.4933605194091797, 0), (-0.21213147044181824, -0.9395678639411926, -0.2687254548072815, 0), (59.976470947265625, 124.78770446777344, 3.7359366416931152, 1) ), ( (-0.04817543551325798, -0.10003050416707993, 0.9938178062438965, 0), (-0.9979552626609802, 0.046665553003549576, -0.04367898777127266, 0), (-0.04200780391693115, -0.9938889145851135, -0.10207400470972061, 0), (-66.28913879394531, 127.65128326416016, -1.0903805494308472, 1) ), ( (-0.1090073361992836, -0.09718631207942963, 0.989278256893158, 0), (-0.9940153360366821, 0.003491021925583482, -0.10918635129928589, 0), (0.007157742977142334, -0.9952600598335266, -0.09698527306318283, 0), (-65.82191467285156, 127.6931381225586, -2.6582441329956055, 1) ), ( (0.004246752709150314, -0.10217631608247757, 0.9947574138641357, 0), (-0.9992612600326538, -0.038420189172029495, 0.0003196675097569823, 0), (0.038186073303222656, -0.9940242171287537, -0.10226401686668396, 0), (-66.6116943359375, 127.474609375, 0.8869336843490601, 1) ), ( (0.09779279679059982, -0.10530776530504227, 0.9896190762519836, 0), (-0.9945462942123413, -0.04655320197343826, 0.09332586824893951, 0), (0.03624206781387329, -0.9933499097824097, -0.10928615927696228, 0), (-66.13704681396484, 127.03634643554688, 2.851397752761841, 1) ), ( (0.5489084720611572, -0.10648427903652191, 0.8290719985961914, 0), (-0.8091998100280762, -0.3162982761859894, 0.495126873254776, 0), (0.20951087772846222, -0.9426649808883667, -0.25978606939315796, 0), (-60.06444549560547, 124.72088623046875, 3.759800910949707, 1) ), ( (-0.10343361645936966, 0.10802874714136124, -0.9887528419494629, 0), (0.9912899136543274, 0.09267588704824448, -0.09357345849275589, 0), (0.08152490854263306, -0.9898187518119812, -0.116673544049263, 0), (67.71995544433594, 127.68122863769531, -2.8991379737854004, 1) ), ( (-0.07608354091644287, 0.1092349961400032, -0.9910998344421387, 0), (0.9965843558311462, -0.023683086037635803, -0.07911481708288193, 0), (-0.03211444616317749, -0.9937334656715393, -0.10705997794866562, 0), (69.03032684326172, 127.74385833740234, -1.2329461574554443, 1) ), ( (-0.0067021772265434265, 0.1119183599948883, -0.9936946630477905, 0), (0.9966720938682556, 0.08148542046546936, 0.0024553118273615837, 0), (0.08124637603759766, -0.9903706908226013, -0.11209196597337723, 0), (69.98348236083984, 127.30844116210938, 0.8165422677993774, 1) ), ( (0.08184095472097397, 0.1145561933517456, -0.9900397658348083, 0), (0.9966349005699158, -0.013955811969935894, 0.08077132701873779, 0), (-0.0045639872550964355, -0.9933184385299683, -0.1153128445148468, 0), (68.92282104492188, 126.9109115600586, 3.047464370727539, 1) ), ( (0.5504541397094727, 0.11232936382293701, -0.8272742629051208, 0), (0.8152194619178772, -0.2860216498374939, 0.5035963654518127, 0), (-0.18004965782165527, -0.9516165852546692, -0.24901488423347473, 0), (62.5116081237793, 123.78895568847656, 5.226601600646973, 1) ), ( (-0.10900755226612091, -0.09718654304742813, 0.9892781376838684, 0), (-0.980871319770813, 0.17198093235492706, -0.09118584543466568, 0), (-0.1612749695777893, -0.9802944660186768, -0.11407470703125, 0), (-67.77552032470703, 127.70063781738281, -2.879244565963745, 1) ), ( (-0.04817548021674156, -0.1000310480594635, 0.9938176870346069, 0), (-0.9984344244003296, 0.03314246982336044, -0.04506336897611618, 0), (-0.028429806232452393, -0.994432270526886, -0.10147106647491455, 0), (-69.01923370361328, 127.77902221679688, -1.2099252939224243, 1) ), ( (0.004246808588504791, -0.10217665135860443, 0.9947574138641357, 0), (-0.9927183389663696, -0.12018727511167526, -0.008106947876513004, 0), (0.12038543820381165, -0.9874792695045471, -0.10194303095340729, 0), (-69.79853820800781, 127.35206604003906, 0.8879038095474243, 1) ), ( (0.09779316186904907, -0.10530781000852585, 0.9896189570426941, 0), (-0.9918143153190613, 0.07171719521284103, 0.1056416928768158, 0), (-0.08209758996963501, -0.9918503761291504, -0.09743243455886841, 0), (-68.92388916015625, 126.9064712524414, 3.107372283935547, 1) ), ( (0.5489085912704468, -0.10648339986801147, 0.8290719985961914, 0), (-0.8129494190216064, -0.2987470030784607, 0.4998641312122345, 0), (0.19445553421974182, -0.9483733177185059, -0.25055041909217834, 0), (-62.568603515625, 123.75869750976562, 5.2313618659973145, 1) )]
        uniform token[] joints = ["mixamorig_Hips", "mixamorig_Hips/mixamorig_Spine", "mixamorig_Hips/mixamorig_LeftUpLeg", "mixamorig_Hips/mixamorig_RightUpLeg", "mixamorig_Hips/mixamorig_Spine/mixamorig_Spine1", "mixamorig_Hips/mixamorig_LeftUpLeg/mixamorig_LeftLeg", "mixamorig_Hips/mixamorig_RightUpLeg/mixamorig_RightLeg", "mixamorig_Hips/mixamorig_Spine/mixamorig_Spine1/mixamorig_Spine2", "mixamorig_Hips/mixamorig_LeftUpLeg/mixamorig_LeftLeg/mixamorig_LeftFoot", "mixamorig_Hips/mixamorig_RightUpLeg/mixamorig_RightLeg/mixamorig_RightFoot", "mixamorig_Hips/mixamorig_Spine/mixamorig_Spine1/mixamorig_Spine2/mixamorig_Neck", "mixamorig_Hips/mixamorig_Spine/mixamorig_Spine1/mixamorig_Spine2/mixamorig_LeftShoulder", "mixamorig_Hips/mixamorig_LeftUpLeg/mixamorig_LeftLeg/mixamorig_LeftFoot/mixamorig_LeftToeBase", "mixamorig_Hips/mixamorig_Spine/mixamorig_Spine1/mixamorig_Spine2/mixamorig_RightShoulder", "mixamorig_Hips/mixamorig_RightUpLeg/mixamorig_RightLeg/mixamorig_RightFoot/mixamorig_RightToeBase", "mixamorig_Hips/mixamorig_Spine/mixamorig_Spine1/mixamorig_Spine2/mixamorig_Neck/mixamorig_Head", "mixamorig_Hips/mixamorig_Spine/mixamorig_Spine1/mixamorig_Spine2/mixamorig_LeftShoulder/mixamorig_LeftArm", "mixamorig_Hips/mixamorig_Spine/mixamorig_Spine1/mixamorig_Spine2/mixamorig_RightShoulder/mixamorig_RightArm", "mixamorig_Hips/mixamorig_Spine/mixamorig_Spine1/mixamorig_Spine2/mixamorig_LeftShoulder/mixamorig_LeftArm/mixamorig_LeftForeArm", "mixamorig_Hips/mixamorig_Spine/mixamorig_Spine1/mixamorig_Spine2/mixamorig_RightShoulder/mixamorig_RightArm/mixamorig_RightForeArm", "mixamorig_Hips/mixamorig_Spine/mixamorig_Spine1/mixamorig_Spine2/mixamorig_LeftShoulder/mixamorig_LeftArm/mixamorig_LeftForeArm/mixamorig_LeftHand", "mixamorig_Hips/mixamorig_Spine/mixamorig_Spine1/mixamorig_Spine2/mixamorig_RightShoulder/mixamorig_RightArm/mixamorig_RightForeArm/mixamorig_RightHand", "mixamorig_Hips/mixamorig_Spine/mixamorig_Spine1/mixamorig_Spine2/mixamorig_LeftShoulder/mixamorig_LeftArm/mixamorig_LeftForeArm/mixamorig_LeftHand/mixamorig_LeftHandPinky1", "mixamorig_Hips/mixamorig_Spine/mixamorig_Spine1/mixamorig_Spine2/mixamorig_LeftShoulder/mixamorig_LeftArm/mixamorig_LeftForeArm/mixamorig_LeftHand/mixamorig_LeftHandMiddle1", "mixamorig_Hips/mixamorig_Spine/mixamorig_Spine1/mixamorig_Spine2/mixamorig_LeftShoulder/mixamorig_LeftArm/mixamorig_LeftForeArm/mixamorig_LeftHand/mixamorig_LeftHandRing1", "mixamorig_Hips/mixamorig_Spine/mixamorig_Spine1/mixamorig_Spine2/mixamorig_LeftShoulder/mixamorig_LeftArm/mixamorig_LeftForeArm/mixamorig_LeftHand/mixamorig_LeftHandThumb1", "mixamorig_Hips/mixamorig_Spine/mixamorig_Spine1/mixamorig_Spine2/mixamorig_LeftShoulder/mixamorig_LeftArm/mixamorig_LeftForeArm/mixamorig_LeftHand/mixamorig_LeftHandIndex1", "mixamorig_Hips/mixamorig_Spine/mixamorig_Spine1/mixamorig_Spine2/mixamorig_RightShoulder/mixamorig_RightArm/mixamorig_RightForeArm/mixamorig_RightHand/mixamorig_RightHandMiddle1", "mixamorig_Hips/mixamorig_Spine/mixamorig_Spine1/mixamorig_Spine2/mixamorig_RightShoulder/mixamorig_RightArm/mixamorig_RightForeArm/mixamorig_RightHand/mixamorig_RightHandRing1", "mixamorig_Hips/mixamorig_Spine/mixamorig_Spine1/mixamorig_Spine2/mixamorig_RightShoulder/mixamorig_RightArm/mixamorig_RightForeArm/mixamorig_RightHand/mixamorig_RightHandPinky1", "mixamorig_Hips/mixamorig_Spine/mixamorig_Spine1/mixamorig_Spine2/mixamorig_RightShoulder/mixamorig_RightArm/mixamorig_RightForeArm/mixamorig_RightHand/mixamorig_RightHandIndex1", "mixamorig_Hips/mixamorig_Spine/mixamorig_Spine1/mixamorig_Spine2/mixamorig_RightShoulder/mixamorig_RightArm/mixamorig_RightForeArm/mixamorig_RightHand/mixamorig_RightHandThumb1", "mixamorig_Hips/mixamorig_Spine/mixamorig_Spine1/mixamorig_Spine2/mixamorig_LeftShoulder/mixamorig_LeftArm/mixamorig_LeftForeArm/mixamorig_LeftHand/mixamorig_LeftHandPinky1/mixamorig_LeftHandPinky2", "mixamorig_Hips/mixamorig_Spine/mixamorig_Spine1/mixamorig_Spine2/mixamorig_LeftShoulder/mixamorig_LeftArm/mixamorig_LeftForeArm/mixamorig_LeftHand/mixamorig_LeftHandRing1/mixamorig_LeftHandRing2", "mixamorig_Hips/mixamorig_Spine/mixamorig_Spine1/mixamorig_Spine2/mixamorig_LeftShoulder/mixamorig_LeftArm/mixamorig_LeftForeArm/mixamorig_LeftHand/mixamorig_LeftHandMiddle1/mixamorig_LeftHandMiddle2", "mixamorig_Hips/mixamorig_Spine/mixamorig_Spine1/mixamorig_Spine2/mixamorig_LeftShoulder/mixamorig_LeftArm/mixamorig_LeftForeArm/mixamorig_LeftHand/mixamorig_LeftHandIndex1/mixamorig_LeftHandIndex2", "mixamorig_Hips/mixamorig_Spine/mixamorig_Spine1/mixamorig_Spine2/mixamorig_LeftShoulder/mixamorig_LeftArm/mixamorig_LeftForeArm/mixamorig_LeftHand/mixamorig_LeftHandThumb1/mixamorig_LeftHandThumb2", "mixamorig_Hips/mixamorig_Spine/mixamorig_Spine1/mixamorig_Spine2/mixamorig_RightShoulder/mixamorig_RightArm/mixamorig_RightForeArm/mixamorig_RightHand/mixamorig_RightHandRing1/mixamorig_RightHandRing2", "mixamorig_Hips/mixamorig_Spine/mixamorig_Spine1/mixamorig_Spine2/mixamorig_RightShoulder/mixamorig_RightArm/mixamorig_RightForeArm/mixamorig_RightHand/mixamorig_RightHandPinky1/mixamorig_RightHandPinky2", "mixamorig_Hips/mixamorig_Spine/mixamorig_Spine1/mixamorig_Spine2/mixamorig_RightShoulder/mixamorig_RightArm/mixamorig_RightForeArm/mixamorig_RightHand/mixamorig_RightHandMiddle1/mixamorig_RightHandMiddle2", "mixamorig_Hips/mixamorig_Spine/mixamorig_Spine1/mixamorig_Spine2/mixamorig_RightShoulder/mixamorig_RightArm/mixamorig_RightForeArm/mixamorig_RightHand/mixamorig_RightHandIndex1/mixamorig_RightHandIndex2", "mixamorig_Hips/mixamorig_Spine/mixamorig_Spine1/mixamorig_Spine2/mixamorig_RightShoulder/mixamorig_RightArm/mixamorig_RightForeArm/mixamorig_RightHand/mixamorig_RightHandThumb1/mixamorig_RightHandThumb2", "mixamorig_Hips/mixamorig_Spine/mixamorig_Spine1/mixamorig_Spine2/mixamorig_LeftShoulder/mixamorig_LeftArm/mixamorig_LeftForeArm/mixamorig_LeftHand/mixamorig_LeftHandPinky1/mixamorig_LeftHandPinky2/mixamorig_LeftHandPinky3", "mixamorig_Hips/mixamorig_Spine/mixamorig_Spine1/mixamorig_Spine2/mixamorig_LeftShoulder/mixamorig_LeftArm/mixamorig_LeftForeArm/mixamorig_LeftHand/mixamorig_LeftHandRing1/mixamorig_LeftHandRing2/mixamorig_LeftHandRing3", "mixamorig_Hips/mixamorig_Spine/mixamorig_Spine1/mixamorig_Spine2/mixamorig_LeftShoulder/mixamorig_LeftArm/mixamorig_LeftForeArm/mixamorig_LeftHand/mixamorig_LeftHandMiddle1/mixamorig_LeftHandMiddle2/mixamorig_LeftHandMiddle3", "mixamorig_Hips/mixamorig_Spine/mixamorig_Spine1/mixamorig_Spine2/mixamorig_LeftShoulder/mixamorig_LeftArm/mixamorig_LeftForeArm/mixamorig_LeftHand/mixamorig_LeftHandIndex1/mixamorig_LeftHandIndex2/mixamorig_LeftHandIndex3", "mixamorig_Hips/mixamorig_Spine/mixamorig_Spine1/mixamorig_Spine2/mixamorig_LeftShoulder/mixamorig_LeftArm/mixamorig_LeftForeArm/mixamorig_LeftHand/mixamorig_LeftHandThumb1/mixamorig_LeftHandThumb2/mixamorig_LeftHandThumb3", "mixamorig_Hips/mixamorig_Spine/mixamorig_Spine1/mixamorig_Spine2/mixamorig_RightShoulder/mixamorig_RightArm/mixamorig_RightForeArm/mixamorig_RightHand/mixamorig_RightHandPinky1/mixamorig_RightHandPinky2/mixamorig_RightHandPinky3", "mixamorig_Hips/mixamorig_Spine/mixamorig_Spine1/mixamorig_Spine2/mixamorig_RightShoulder/mixamorig_RightArm/mixamorig_RightForeArm/mixamorig_RightHand/mixamorig_RightHandRing1/mixamorig_RightHandRing2/mixamorig_RightHandRing3", "mixamorig_Hips/mixamorig_Spine/mixamorig_Spine1/mixamorig_Spine2/mixamorig_RightShoulder/mixamorig_RightArm/mixamorig_RightForeArm/mixamorig_RightHand/mixamorig_RightHandMiddle1/mixamorig_RightHandMiddle2/mixamorig_RightHandMiddle3", "mixamorig_Hips/mixamorig_Spine/mixamorig_Spine1/mixamorig_Spine2/mixamorig_RightShoulder/mixamorig_RightArm/mixamorig_RightForeArm/mixamorig_RightHand/mixamorig_RightHandIndex1/mixamorig_RightHandIndex2/mixamorig_RightHandIndex3", "mixamorig_Hips/mixamorig_Spine/mixamorig_Spine1/mixamorig_Spine2/mixamorig_RightShoulder/mixamorig_RightArm/mixamorig_RightForeArm/mixamorig_RightHand/mixamorig_RightHandThumb1/mixamorig_RightHandThumb2/mixamorig_RightHandThumb3"]
        uniform matrix4d[] restTransforms = [( (1, -0, 0, 0), (0, 1, 4.656612873077393e-10, 0), (-0, -0, 1, 0), (0, 102.6252670288086, -0.5212409496307373, 1) ), ( (1, 0, 0, 0), (0, 0.9999838471412659, -0.005655399058006633, 0), (0, 0.005655399523675442, 0.999983966347922, 0), (0, 5.645713806152344, -0.031929435974785036, 1) ), ( (-0.9978392124176025, -0.0656968206167221, 0.0010243647572103984, 0), (0.06570478528738022, -0.9977177977561951, 0.015556717756072896, 0), (-2.3283064365386963e-10, 0.015590417198836803, 0.9998790025638461, 0), (6.620180606842041, -8.816856384277344, -0.4471796113919204, 1) ), ( (-0.9978383779525757, 0.0657094344496727, -0.00046890179659679274, 0), (-0.0657111331820488, -0.9978135824203491, 0.007120386230672515, 0), (1.1641532182693481e-10, 0.00713580334559083, 0.999974012371555, 0), (-6.620173454284668, -8.816818237304688, -0.4471819359730844, 1) ), ( (1, 0, 0, 0), (0, 1.0000001191599992, 9.055945664367127e-9, 0), (0, -1.0115820372330608e-8, 1.0000000595483904, 0), (0, 6.586776316643025, 8.829329467552327e-8, 1) ), ( (0.9991091289851464, -0.04219106373121553, -2.589368718899053e-10, 0), (0.04219017799147913, 0.9990888736770528, 0.006442590866869453, 0), (-0.00027181923567680833, -0.00643685231727819, 0.9999789975311318, 0), (-0.37225192250030226, 36.1851895438993, 0.08834004680281216, 1) ), ( (0.9991093923021065, 0.042192955883865006, -2.3058096908614226e-11, 0), (-0.04219297232858216, 0.9991090888426628, 0.000911351813413095, 0), (0.0000384527907761882, -0.00091053771061017, 0.9999998256855905, 0), (0.37211040600372947, 36.183898428562046, 0.4961574444278998, 0.9999999999999999) ), ( (1, 0, 0, 0), (0, 1.0000000000000002, 0, 0), (0, 3.370875054781175e-10, 0.9999999403963097, 0), (0, 7.527761993587447, 5.237372253941164e-8, 1) ), ( (0.998755818958916, -2.5014873040801397e-8, -0.04986424737831076, 0), (0.037879326199159395, 0.6503332154895808, 0.7587043845515979, 0), (0.032428446294211745, -0.7596492780028996, 0.6495236097451729, 0), (0.0000026315708154811546, 46.26305944099887, -0.00000694140433488144, 1.0000000000000002) ), ( (0.9989073123609339, -1.0281278492950928e-8, 0.04674225759999796, 0), (-0.03662964712787497, 0.6212021430999266, 0.7827943415096348, 0), (-0.029036404207367975, -0.7836505276376747, 0.6205233718086955, 0), (0.000008131171158609618, 46.25334788345045, -0.0000013166563055388991, 1.0000000000000002) ), ( (0.9999999999999999, 0, 0, 0), (0, 0.9999840499526007, 0.005655391148928218, 0), (0, -0.0056553902176130315, 0.9999840499552342, 0), (0, 8.46872556422261, 5.426989586679309e-7, 0.9999999999999999) ), ( (-0.005092247389256953, -0.000001359541086882153, -0.9999871924847574, 0), (0.9499040246009826, -0.3125062371417149, -0.004836784403007951, 0), (-0.3125017881393432, -0.9499155068653492, 0.0015926481667831475, 0), (3.4146122932434078, 7.343348155317585, -0.017398554122132086, 0.9999999999999999) ), ( (0.998422608800064, -3.530121012521037e-8, 0.05616370747903281, 0), (-0.034857375579920746, 0.7840962903080644, 0.6196586206777329, 0), (-0.044037936578362524, -0.6206382124730248, 0.7828594307645613, 0), (-0.000008666593645401122, 16.368593524408816, -0.000005976411035391038, 1) ), ( (0.001370075508020818, 0.0000012893296587254688, 0.9999991132077721, 0), (-0.9499045014381408, -0.31253937449211616, 0.001301845071145295, 0), (0.3125388324260711, -0.9499046213590618, -0.0004269780785119033, 0), (-3.4146044254302974, 7.343208094160843, 0.004668912071741256, 0.9999999999999999) ), ( (0.9985866669702951, -1.2366186337084417e-8, -0.05314564527376908, 0), (0.031982486704717115, 0.798657981621231, 0.6009349620987839, 0), (0.04244518232588718, -0.6017849213808909, 0.797528737093086, 0), (-3.2538869731979503e-7, 16.863412524821342, 7.533419381644535e-7, 1.0000000000000002) ), ( (1, 0, 0, 0), (0, 1, 4.656612873077393e-10, 0), (0, -1.457940312716497e-18, 1, 0), (0, 5.9989013671875, -1.158957901410247, 1) ), ( (0.9998661089419354, 0.016375289446376114, -2.6627163689230127e-8, 0), (-0.015642914855212287, 0.9551462648628177, -0.2957182378767178, 0), (-0.004842449501515857, 0.295678446180671, 0.9552759740911086, 0), (0.000002962959670192722, 7.189697707665442, -0.00008797766655277428, 1) ), ( (0.9999854130744851, -0.005326215305495685, -1.606732793514587e-8, 0), (0.005087857925470904, 0.9552342217384773, -0.2958048599073424, 0), (0.0015755377753478494, 0.2958003594011972, 0.9552482996800379, 0), (-6.053108600259649e-7, 7.189731689827578, 0.0000011616157280514017, 1) ), ( (0.999788788947158, 0.02054794345149289, 6.291206152905793e-8, 0), (-0.02054488971103689, 0.9996415870402702, -0.017192211733046827, 0), (-0.00035332539109397126, 0.017188559209642587, 0.999851850048462, 0), (-0.000004405108794736101, 24.20359758838181, 0.00011030132957046135, 0.9999999999999998) ), ( (0.9996779716299431, -0.0253848773574584, -4.13273479413917e-9, 0), (0.025381117971203904, 0.999529396633718, -0.01722732171455518, 0), (0.0004373174392001194, 0.01722178337642601, 0.9998517440361003, 0), (0.0000013724872748033246, 24.2027228808238, -0.00002167767573268975, 1) ), ( (0.9907699854839164, -0.05869901390271971, -0.1221861118866936, 0), (0.05445060380287241, 0.9977997168256602, -0.03782610049707834, 0), (0.12413754348672314, 0.030823875511078583, 0.9917858562114875, 0), (0.00004336428519882696, 21.59509648652746, 0.000052774416090528575, 1.0000000000000002) ), ( (0.9921970742054732, 0.06140608416652053, 0.10851548053236498, 0), (-0.0571126641248841, 0.997473294078267, -0.04224207690060133, 0), (-0.11083523464954255, 0.03571484062168778, 0.9931973726450343, 0), (0.000027666971852857714, 21.595629487236536, -0.00004830635981534215, 0.9999999999999999) ), ( (0.9971314624792948, -0.07569026384264886, -1.899113917097628e-7, 0), (0.07568428465180563, 0.997053109872406, 0.012499695817578347, 0), (-0.0009459319117907233, -0.012463939315786631, 0.9999218800197781, 0), (2.4982303650689612, 7.361713981395816, 0.02870858105951868, 1) ), ( (0.9997745716429056, 0.021209287889048467, -5.415319211804492e-7, 0), (-0.021208123445681275, 0.9997196359411291, -0.010518127577561077, 0), (-0.0002225635593125358, 0.010515698925292888, 0.9999453497422833, 0), (-0.8249084204381898, 7.382678179155754, -0.10482800115200064, 1) ), ( (0.9988339680053745, -0.04826584431770138, 1.4088977762227728e-8, 0), (0.048147360302569754, 0.996382753219795, -0.07002050623455615, 0), (0.003379578214976739, 0.06993890920927817, 0.9975455138873653, 0), (0.8877888314361346, 7.537572721629552, 0.09632234209219348, 1) ), ( (0.8189531113616224, 0.5738602895899027, -2.4368191198220757e-7, 0), (-0.5372835673908628, 0.7667550170111238, 0.3513010962446207, 0), (0.20159789468940092, -0.28769896205376216, 0.9362626432287289, 0), (-2.1452647154608897, 2.0982360022496493, 1.1066571120183966, 1) ), ( (0.9939669342903684, 0.10967659382851343, -7.179369608117936e-7, 0), (-0.10962676613021598, 0.9935159127264105, 0.030118146494982505, 0), (0.0033039841584450863, -0.029936334290484385, 0.9995465027400487, 0), (-2.561050881666832, 7.100061216401933, 0.04856211039232505, 1) ), ( (0.9994199535422108, -0.03404737789730106, -2.6566486481527374e-7, 0), (0.0340455048948044, 0.9993668671350615, 0.010336905216334702, 0), (-0.0003516771341170871, -0.010330917345344512, 0.9999466815860161, 0), (0.8360992959556715, 7.262785009663567, -0.11013766888878251, 1) ), ( (0.9998300424015102, 0.018425561741106853, 4.6263146070979477e-7, 0), (-0.0184233217039481, 0.9997102251755666, -0.015518595954617884, 0), (-0.000286369692223426, 0.015515813832668097, 0.9998792953749056, 0), (-0.9852991057483322, 7.492703746806249, -0.01886001050837649, 1) ), ( (0.9968404232706228, 0.07941950252260925, 6.72306829790914e-7, 0), (-0.07940053755724705, 0.9966042486337269, -0.021830349431486318, 0), (-0.0017343961350524406, 0.02176128447229742, 0.9997612670826808, 0), (-2.41780395796623, 7.44183433153588, 0.09105882363451201, 1) ), ( (0.9918401900644722, -0.12747989513111596, 4.763383138622901e-7, 0), (0.12740413507227127, 0.9912528377463448, 0.0344600450458426, 0), (-0.004393421930616828, -0.034178866887735394, 0.9994057375503869, 0), (2.5669741457308604, 7.105034778950731, 0.03949054344919034, 1) ), ( (0.8188682889687772, -0.5739808540129098, -8.744255766829356e-7, 0), (0.5342749882119667, 0.7622228628347151, 0.36546695297925913, 0), (-0.2097704056182921, -0.2992703279475879, 0.9308242421284224, 0), (2.16541818209941, 2.1353023885405733, 1.1745157792421708, 1) ), ( (1.0000000734044299, 1.8622414620084182e-7, -2.8577673727436803e-7, 0), (-1.8438070911730442e-7, 0.9997587783138104, 0.021994656570370835, 0), (3.112272608102318e-7, -0.02199462483516592, 0.9997585770235319, 0), (0.0005275056811306911, 2.4802332509965197, -0.00006847211049887392, 1) ), ( (1.0000001866019748, -1.2948700903181454e-7, -4.91890138287765e-7, 0), (1.7632653002974674e-7, 0.9968290268856244, 0.07957988290964457, 0), (4.973433829491558e-7, -0.07957988650785873, 0.9968285214164302, 0), (-0.004291776509560918, 2.8452098334073526, 0.000016603338877985152, 0.9999999999999999) ), ( (1.000000041867486, -4.9386555857214645e-8, 6.929731652394189e-7, 0), (-1.400246452468168e-8, 0.994576876945746, 0.1040012444075668, 0), (-6.716166989634287e-7, -0.10400127698185689, 0.9945766692973036, 0), (-0.0018962046994683845, 3.3795475990194177, 0.00006734409232933558, 1) ), ( (0.9999999907351697, 1.271292227045251e-7, 1.7076433496410193e-7, 0), (-1.248468098208333e-7, 0.9998672015111001, 0.016331177073866554, 0), (-1.891653566565843e-7, -0.01633125653747197, 0.9998668090074485, 0), (-0.000563821777809892, 3.000143548523269, -0.000015356073319594543, 1) ), ( (0.9999999799339011, -2.8830285403458333e-7, -4.809285053530843e-9, 0), (4.073931552106558e-7, 0.998136840801222, -0.06102585397570509, 0), (4.2246146525481976e-8, 0.06102584879983883, 0.9981367126109045, 0), (-0.44222242926839783, 2.5202513410242187, -0.00008714182806102144, 1) ), ( (1.0000000940298186, 2.8457537708248548e-8, -2.628255114517364e-7, 0), (-2.114069502789917e-8, 0.9999236404039865, 0.012375747307935036, 0), (2.3606220565797198e-7, -0.012375580791378238, 0.9999229125619256, 0), (0.0014957714994281446, 2.815515970887475, 0.00006514560658388291, 1) ), ( (0.9999999848234004, 2.1082411666428769e-7, -3.5114047962359063e-7, 0), (-1.6449004104635012e-7, 0.997679050437612, 0.0680940146861969, 0), (3.373027785691374e-7, -0.06809384815586052, 0.9976790635824921, 0), (-0.0007041154616453937, 2.449316313964786, -0.000021767353374002596, 1) ), ( (0.9999999390112906, 4.0952224009474514e-8, -7.56723605999099e-9, 0), (-3.277670990311588e-8, 0.9977738231401472, 0.0666900854850157, 0), (3.2171699887451055e-8, -0.06669016302169485, 0.9977734970257868, 0), (0.009277774643893011, 3.311084582113324, 0.000021347821046902027, 0.9999999999999998) ), ( (1.0000000077057662, 7.010673523655253e-8, -4.282879180750321e-7, 0), (-4.658799986068107e-8, 0.9991579138472115, 0.0410142786646789, 0), (4.358032333617867e-7, -0.0410143129932236, 0.9991591373639641, 0), (-0.0010063670856794715, 2.9492913705012143, -0.00006594213097343982, 1) ), ( (1.0000000752568523, 4.679775050808743e-7, 5.585832478782748e-7, 0), (-5.030228776847778e-7, 0.9972435602614708, -0.07419902440217954, 0), (-5.872571254283976e-7, 0.0741991749191246, 0.9972436216279905, 0), (0.43805967121665645, 2.5708993003824885, -0.00004714760521551398, 1) ), ( (0.9999999770629366, -2.2711969489830341e-7, -1.2495634145459622e-7, 0), (2.0875345971282933e-7, 0.9966273049259332, -0.08205855625036412, 0), (1.3410151025738948e-7, 0.08205863662949969, 0.9966272993168271, 0), (0.0013806176878645715, 1.9510745749595486, 0.000011102998115575247, 1) ), ( (0.9999999871338072, -2.1353768059340084e-9, 6.509752181887984e-7, 0), (-3.165068729327203e-8, 0.9983788482929025, 0.05691340913075155, 0), (-6.263197075001559e-7, -0.05691335199634995, 0.9983790079292887, 0), (0.0007442033628901612, 2.680991592820135, 0.000008102508814999965, 1) ), ( (0.9999999863335162, 1.9942193917044104e-8, -4.1579789404611045e-7, 0), (-7.161652181399483e-8, 0.9901061528473001, -0.14032639837033745, 0), (4.0706776044396875e-7, 0.14032637589199023, 0.9901051707266706, 0), (0.005513673065543401, 3.190835551547572, -0.0000091988617896277, 1) ), ( (0.9999999823192282, -5.7003373979402916e-8, 1.1171715690039274e-7, 0), (5.3710394409822726e-8, 0.9999713031773027, -0.007542424688636829, 0), (-1.0779182409159649e-7, 0.0075424331460923096, 0.999971122002415, 0), (0.0004738144541036604, 2.7485720410850405, 0.00004943062667450704, 1) ), ( (1.0000000219497363, -2.6584881995805887e-7, -1.1204175526247084e-7, 0), (1.737707122084764e-7, 0.9992182920570459, -0.039526042082725726, 0), (1.0110933512663678e-7, 0.03952604758981676, 0.9992182993978292, 0), (0.05009975833847591, 3.105476209764948, 0.000030373861676480374, 1) ), ( (0.9999999280685891, 2.2698336610282865e-7, 2.398882067017327e-7, 0), (-2.0043993921581293e-7, 0.9855574582571126, -0.1693429857995123, 0), (-2.553743194688707e-7, 0.16934282208551288, 0.9855571522748283, 0), (-0.00640244963809522, 1.9660697327509098, -0.00001393787606218666, 0.9999999999999999) ), ( (0.99999993808718, 2.4437960502443623e-8, 5.546152663654658e-7, 0), (-1.790291503239727e-8, 0.9999075879115806, 0.013601894851055545, 0), (-5.631004072054191e-7, -0.013601922796883437, 0.9999081094688773, 0), (-0.00005996201758406983, 2.7356945445875596, -0.00007068781316377226, 1) ), ( (1.0000000344945703, -4.295674809314193e-8, 3.354063204813462e-7, 0), (6.826985728472512e-9, 0.9966007195483642, 0.08239003117716005, 0), (-3.5432170870930424e-7, -0.08239005572043796, 0.9966002137211424, 0), (-0.000047702543273686615, 3.1892003710118857, 0.000018638851003061063, 1) ), ( (0.9999999224378108, -3.7213191596274786e-7, 7.066524691790033e-8, 0), (3.5220285361792225e-7, 0.9929264320582648, -0.11873070695173765, 0), (-7.64088529947582e-9, 0.11873080810899463, 0.9929261259604668, 0), (-0.005538994743186976, 2.801580981236782, 0.000036157449756046844, 0.9999999999999998) ), ( (0.9999999718173064, -3.7454372087131205e-7, -8.037849911490813e-7, 0), (4.000169683826549e-7, 0.9998282906176029, -0.018561211751921547, 0), (8.617785130782263e-7, 0.018561145179185043, 0.9998274963393831, 0), (-0.05206557535971257, 3.059313570170259, 0.00008197758720029924, 1) )]
        rel skel:animationSource = </Model/Skel/Anim>

        def SkelAnimation "Anim"
        {
        }
    }
}

