#usda 1.0
(
    defaultPrim = "Model"
    endTimeCode = 10
    metersPerUnit = 0.01
    startTimeCode = 1
    upAxis = "Y"
)

def SkelRoot "Model" (
    prepend apiSchemas = ["SkelBindingAPI"]
    kind = "component"
)
{
    def Skeleton "Skel" (
        prepend apiSchemas = ["SkelBindingAPI"]
    )
    {
        uniform matrix4d[] bindTransforms = [( (1, 0, 0, 0), (0, 1, 0, 0), (0, 0, 1, 0), (0, 102.6252670288086, -0.5212408900260925, 1) ), 
        ( (1, 0, 0, 0), (0, 0.9999840259552002, -0.0056553976610302925, 0), (0, 0.0056553976610302925, 0.9999840259552002, 0), (0, 108.27098846435547, -0.5531702041625977, 1) ), 
        ( (1, 0, 0, 0), (0, 0.9999840259552002, -0.005655389279127121, 0), (0, 0.005655389279127121, 0.9999840259552002, 0), (0, 114.857666015625, -0.5904210805892944, 1) ), ( (1, 0, 0, 0), (0, 0.9999840259552002, -0.005655389279127121, 0), (0, 0.005655389279127121, 0.9999840259552002, 0), (0, 122.38529968261719, -0.6329934597015381, 1) ), ( (1, 0, 0, 0), (0, 1, -1.734723475976807e-18, 0), (0, 1.734723475976807e-18, 1, 0), (0, 130.8538818359375, -0.6808874607086182, 1) ), ( (1, 0, 0, 0), (0, 1, -1.734723475976807e-18, 0), (0, 1.734723475976807e-18, 1, 0), (0, 136.852783203125, -1.839844822883606, 1) ), ( (1, 0, 0, 0), (0, 1, 1.214306433183765e-17, 0), (0, -1.214306433183765e-17, 1, 0), (0, 158.60159301757812, -6.041604995727539, 1) ), ( (-0.005092248320579529, -0.005656678229570389, -0.9999710321426392, 0), (0.9499034881591797, -0.3125283122062683, -0.003069361438974738, 0), (-0.3125018775463104, -0.9498916268348694, 0.006964770145714283, 0), (3.4146652221679688, 129.72845458984375, -0.6919213533401489, 1) ), ( (0.010463438928127289, -0.010773681104183197, -0.999887228012085, 0), (0.9997897148132324, -0.017524534836411476, 0.010651242919266224, 0), (-0.017637310549616814, -0.9997884035110474, 0.010588048957288265, 0), (10.244168281555176, 127.48147583007812, -0.7139890789985657, 1) ), ( (0.031004799529910088, -0.011131498962640762, -0.9994572401046753, 0), (0.9995191097259521, -0.00010670099436538294, 0.031007906422019005, 0), (-0.00045180757297202945, -0.9999380111694336, 0.011122837662696838, 0), (34.442649841308594, 127.05731964111328, -0.45619094371795654, 1) ), ( (-0.02789708599448204, 0.11115630716085434, -0.9934113025665283, 0), (0.9990252256393433, 0.03711242973804474, -0.02390209399163723, 0), (0.034211039543151855, -0.9931097626686096, -0.11208327859640121, 0), (56.027366638183594, 127.05501556396484, 0.21342793107032776, 1) ), ( (0.5504542589187622, 0.11232917010784149, -0.8272740244865417, 0), (0.7930149435997009, -0.38014698028564453, 0.47604161500930786, 0), (-0.26101234555244446, -0.9180797338485718, -0.29833224415779114, 0), (58.22126388549805, 125.79537200927734, 2.170362710952759, 1) ), ( (0.5504542589187622, 0.11232917010784149, -0.8272740244865417, 0), (0.8074654340744019, -0.3234116733074188, 0.49336037039756775, 0), (-0.2121313065290451, -0.9395674467086792, -0.2687252461910248, 0), (59.976383209228516, 124.78765869140625, 3.735910177230835, 1) ), ( (0.5504542589187622, 0.11232917010784149, -0.8272740244865417, 0), (0.8152190446853638, -0.28602200746536255, 0.5035963654518127, 0), (-0.18005000054836273, -0.9516162872314453, -0.24901491403579712, 0), (62.51157760620117, 123.7889175415039, 5.226617336273193, 1) ), ( (0.5504542589187622, 0.11232917010784149, -0.8272740244865417, 0), (0.8152190446853638, -0.28602200746536255, 0.5035963654518127, 0), (-0.18005000054836273, -0.9516162872314453, -0.24901491403579712, 0), (64.90982818603516, 123.0672607421875, 6.250392436981201, 1) ), ( (0.08184096217155457, 0.11455609649419785, -0.9900398850440979, 0), (0.9966365694999695, -0.005227283574640751, 0.08178143203258514, 0), (0.004193342290818691, -0.9934030175209045, -0.1145986020565033, 0), (63.19365692138672, 126.98558807373047, 2.582425355911255, 1) ), ( (0.08184096217155457, 0.11455609649419785, -0.9900398850440979, 0), (0.9965721368789673, -0.02144862525165081, 0.07989915460348129, 0), (-0.012082058936357498, -0.9931852221488953, -0.11591879278421402, 0), (66.1836166381836, 126.96984100341797, 2.8283369541168213, 1) ), ( (0.08184096217155457, 0.11455609649419785, -0.9900398850440979, 0), (0.9966349601745605, -0.013956928625702858, 0.08077120035886765, 0), (-0.004565082956105471, -0.9933187365531921, -0.115312859416008, 0), (68.92281341552734, 126.91094207763672, 3.0474767684936523, 1) ), ( (0.08184096217155457, 0.11455609649419785, -0.9900398850440979, 0), (0.9966349601745605, -0.013956917449831963, 0.08077120035886765, 0), (-0.004565071314573288, -0.9933187365531921, -0.115312859416008, 0), (71.24931335449219, 126.87837219238281, 3.2359347343444824, 1) ), ( (-0.006702188868075609, 0.11191843450069427, -0.9936947822570801, 0), (0.9989770650863647, 0.04519028961658478, -0.0016480979975312948, 0), (0.04472090303897858, -0.992689311504364, -0.1121068224310875, 0), (63.422279357910156, 127.34131622314453, 0.8681971430778503, 1) ), ( (-0.006702188868075609, 0.11191843450069427, -0.9936947822570801, 0), (0.9982107281684875, -0.05829636752605438, -0.013298485428094864, 0), (-0.05941714346408844, -0.9920059442520142, -0.11132747679948807, 0), (66.79840087890625, 127.49382781982422, 0.8645095229148865, 1) ), ( (-0.006702188868075609, 0.11191843450069427, -0.9936947822570801, 0), (0.9966714978218079, 0.0814855545759201, 0.0024553367402404547, 0), (0.08124656975269318, -0.9903708100318909, -0.1120920479297638, 0), (69.98344421386719, 127.30843353271484, 0.8165974617004395, 1) ), ( (-0.006702188868075609, 0.11191843450069427, -0.9936947822570801, 0), (0.9966714978218079, 0.0814855620265007, 0.002455337205901742, 0), (0.08124657720327377, -0.9903708100318909, -0.1120920479297638, 0), (72.72634887695312, 127.53227996826172, 0.826951801776886, 1) ), ( (-0.0760834738612175, 0.1092354953289032, -0.9910998344421387, 0), (0.9916728734970093, 0.11186937987804413, -0.06379762291908264, 0), (0.10390476137399673, -0.9877007603645325, -0.1168372854590416, 0), (63.53609085083008, 127.3377456665039, -0.859447717666626, 1) ), ( (-0.0760834738612175, 0.1092354953289032, -0.9910998344421387, 0), (0.9967964887619019, 0.03291450813412666, -0.07289306819438934, 0), (0.0246590543538332, -0.9934707880020142, -0.11138980835676193, 0), (66.35795593261719, 127.65557098388672, -1.0367114543914795, 1) ), ( (-0.0760834738612175, 0.1092354953289032, -0.9910998344421387, 0), (0.9965841174125671, -0.02368323691189289, -0.07911477237939835, 0), (-0.03211459144949913, -0.9937337040901184, -0.10706045478582382, 0), (69.03031921386719, 127.743896484375, -1.2328767776489258, 1) ), ( (-0.0760834738612175, 0.1092354953289032, -0.9910998344421387, 0), (0.9965841174125671, -0.02368324063718319, -0.07911477237939835, 0), (-0.03211459890007973, -0.9937337040901184, -0.10706045478582382, 0), (71.30297088623047, 127.69026947021484, -1.416831612586975, 1) ), ( (-0.1034335270524025, 0.10802839696407318, -0.9887524247169495, 0), (0.994397759437561, 0.03300565481185913, -0.10041797906160355, 0), (0.02178642712533474, -0.9935997724533081, -0.11083708703517914, 0), (63.313228607177734, 127.577392578125, -2.4474825859069824, 1) ), ( (-0.1034335270524025, 0.10802839696407318, -0.9887524247169495, 0), (0.9946363568305969, 0.011146078817546368, -0.10283125936985016, 0), (-0.000087984066340141, -0.9940853118896484, -0.10860185325145721, 0), (65.77946472167969, 127.65930938720703, -2.697056293487549, 1) ), ( (-0.1034335270524025, 0.10802839696407318, -0.9887524247169495, 0), (0.9912892580032349, 0.09268110245466232, -0.09357281774282455, 0), (0.0815301463007927, -0.9898182153701782, -0.11667372286319733, 0), (67.71995544433594, 127.68120574951172, -2.8990561962127686, 1) ), ( (-0.1034335270524025, 0.10802839696407318, -0.9887524247169495, 0), (0.9912892580032349, 0.09268108010292053, -0.09357282519340515, 0), (0.0815301239490509, -0.9898182153701782, -0.11667372286319733, 0), (69.36524200439453, 127.83480834960938, -3.052459955215454, 1) ), ( (0.0013700721319764853, 0.005656681023538113, 0.9999830722808838, 0), (-0.9499034881591797, -0.3125283718109131, 0.003069361438974738, 0), (0.3125404417514801, -0.9498915672302246, 0.004945114254951477, 0), (-3.4146652221679688, 129.72845458984375, -0.6698536276817322, 1) ), ( (0.00642944872379303, 0.007321195676922798, 0.9999525547027588, 0), (-0.9998249411582947, -0.017525233328342438, 0.006556939799338579, 0), (0.01757240667939186, -0.9998196363449097, 0.007207236718386412, 0), (-10.244168281555176, 127.48147583007812, -0.6477859020233154, 1) ), ( (0.03180777654051781, 0.007763712201267481, 0.9994638562202454, 0), (-0.9994939565658569, -0.00010677741374820471, 0.03180956467986107, 0), (0.00035368045791983604, -0.9999698400497437, 0.007756386883556843, 0), (-34.442649841308594, 127.05731964111328, -0.48909011483192444, 1) ), ( (-0.029776979237794876, -0.1008157879114151, 0.9944593906402588, 0), (-0.99880051612854, 0.04168974608182907, -0.02568056248128414, 0), (-0.03886975347995758, -0.9940312504768372, -0.10193625837564468, 0), (-56.027366638183594, 127.05500793457031, 0.19785793125629425, 1) ), ( (0.5489085912704468, -0.10648402571678162, 0.8290720582008362, 0), (-0.7914239764213562, -0.38537055253982544, 0.47448664903640747, 0), (0.2689747214317322, -0.9165973663330078, -0.29580721259117126, 0), (-58.270179748535156, 125.75823211669922, 2.1766915321350098, 1) ), ( (0.5489085912704468, -0.10648402571678162, 0.8290720582008362, 0), (-0.8091998100280762, -0.3162987530231476, 0.49512699246406555, 0), (0.20951135456562042, -0.9426644444465637, -0.2597859501838684, 0), (-60.06443405151367, 124.72081756591797, 3.759758472442627, 1) ), ( (0.5489085912704468, -0.10648402571678162, 0.8290720582008362, 0), (-0.8129494190216064, -0.29874610900878906, 0.49986395239830017, 0), (0.19445453584194183, -0.9483733177185059, -0.25055044889450073, 0), (-62.56861114501953, 123.75870513916016, 5.2313385009765625, 1) ), ( (0.5489085912704468, -0.10648402571678162, 0.8290720582008362, 0), (-0.8129494190216064, -0.2987460792064667, 0.49986395239830017, 0), (0.19445450603961945, -0.9483733177185059, -0.25055041909217834, 0), (-64.91465759277344, 123.01553344726562, 6.223574161529541, 1) ), ( (0.09779293090105057, -0.10530785471200943, 0.9896194934844971, 0), (-0.9951962828636169, -0.005773562006652355, 0.0977296382188797, 0), (-0.004578068386763334, -0.9944229125976562, -0.10536659508943558, 0), (-63.20180892944336, 127.05321502685547, 2.5641369819641113, 1) ), ( (0.09779293090105057, -0.10530785471200943, 0.9896194934844971, 0), (-0.9945467114448547, -0.04655260592699051, 0.09332604706287384, 0), (0.036241400986909866, -0.9933494329452515, -0.10928609222173691, 0), (-66.13706970214844, 127.03629302978516, 2.851378917694092, 1) ), ( (0.09779293090105057, -0.10530785471200943, 0.9896194934844971, 0), (-0.9918145537376404, 0.07171940058469772, 0.1056416854262352, 0), (-0.08209981769323349, -0.9918500781059265, -0.0974322110414505, 0), (-68.92390441894531, 126.90645599365234, 3.107358455657959, 1) ), ( (0.09779293090105057, -0.10530785471200943, 0.9896194934844971, 0), (-0.9918146133422852, 0.07171936333179474, 0.1056416779756546, 0), (-0.0820997804403305, -0.9918500781059265, -0.0974322184920311, 0), (-71.26746368408203, 127.07527923583984, 3.363522529602051, 1) ), ( (0.004246779717504978, -0.10217676311731339, 0.9947571754455566, 0), (-0.9995836019515991, 0.02795732580125332, 0.0071390289813280106, 0), (-0.028540194034576416, -0.9943733215332031, -0.10201548784971237, 0), (-63.30204772949219, 127.38296508789062, 0.8540338277816772, 1) ), ( (0.004246779717504978, -0.10217676311731339, 0.9947571754455566, 0), (-0.9992616176605225, -0.03842008486390114, 0.0003196802572347224, 0), (0.03818599134683609, -0.9940240383148193, -0.10226447880268097, 0), (-66.6117172241211, 127.4745864868164, 0.8869016170501709, 1) ), ( (0.004246779717504978, -0.10217676311731339, 0.9947571754455566, 0), (-0.9927182197570801, -0.12018658220767975, -0.00810692273080349, 0), (0.12038480490446091, -0.9874791502952576, -0.10194313526153564, 0), (-69.79846954345703, 127.35206604003906, 0.8878719806671143, 1) ), ( (0.004246779717504978, -0.10217676311731339, 0.9947571754455566, 0), (-0.9927182197570801, -0.12018658965826035, -0.008106923662126064, 0), (0.1203848123550415, -0.9874791502952576, -0.10194313526153564, 0), (-72.47042083740234, 127.02952575683594, 0.8568714261054993, 1) ), ( (-0.0481753908097744, -0.10003051161766052, 0.9938173890113831, 0), (-0.9973589181900024, 0.058960869908332825, -0.04241248965263367, 0), (-0.05435379594564438, -0.9932358860969543, -0.10260678827762604, 0), (-63.480979919433594, 127.48548889160156, -0.9725080132484436, 1) ), ( (-0.0481753908097744, -0.10003051161766052, 0.9938173890113831, 0), (-0.9979552626609802, 0.046663325279951096, -0.04367918148636818, 0), (-0.04200557619333267, -0.993889570236206, -0.10207399725914001, 0), (-66.28912353515625, 127.6513442993164, -1.0904343128204346, 1) ), ( (-0.0481753908097744, -0.10003051161766052, 0.9938173890113831, 0), (-0.9984342455863953, 0.03314201533794403, -0.045063357800245285, 0), (-0.02842939831316471, -0.994432270526886, -0.10147051513195038, 0), (-69.01921081542969, 127.77900695800781, -1.209989309310913, 1) ), ( (-0.0481753908097744, -0.10003051161766052, 0.9938173890113831, 0), (-0.9984342455863953, 0.03314202278852463, -0.045063357800245285, 0), (-0.028429407626390457, -0.994432270526886, -0.10147051513195038, 0), (-71.36863708496094, 127.85713958740234, -1.3174552917480469, 1) ), ( (-0.10900751501321793, -0.09718634933233261, 0.9892786145210266, 0), (-0.9921950101852417, 0.07125972211360931, -0.1023283451795578, 0), (-0.06055080145597458, -0.9927119016647339, -0.10419565439224243, 0), (-63.391788482666016, 127.5185317993164, -2.406876564025879, 1) ), ( (-0.10900751501321793, -0.09718634933233261, 0.9892786145210266, 0), (-0.9940151572227478, 0.0034941600169986486, -0.10918616503477097, 0), (0.0071547068655490875, -0.9952600598335266, -0.0969855934381485, 0), (-65.82191467285156, 127.6931381225586, -2.6582064628601074, 1) ), ( (-0.10900751501321793, -0.09718634933233261, 0.9892786145210266, 0), (-0.9808704257011414, 0.17198395729064941, -0.09118538349866867, 0), (-0.16127808392047882, -0.9802939891815186, -0.11407475173473358, 0), (-67.77549743652344, 127.70063018798828, -2.8792052268981934, 1) ), ( (-0.10900751501321793, -0.09718634933233261, 0.9892786145210266, 0), (-0.9808703660964966, 0.1719840168952942, -0.09118537604808807, 0), (-0.1612781435251236, -0.9802939891815186, -0.11407475918531418, 0), (-69.35753631591797, 127.9771957397461, -3.019176721572876, 1) ), ( (-0.997839093208313, -0.06569680571556091, 0.0010243661236017942, 0), (0.06570479273796082, -0.9977178573608398, 0.015556744299829006, 0), (-1.5495530206188768e-11, 0.015590433031320572, 0.999878466129303, 0), (6.62017822265625, 93.80841827392578, -0.9684236645698547, 1) ), ( (-0.9997227191925049, -0.02354351431131363, 0.000367098196875304, 0), (0.02354588732123375, -0.9994800686836243, 0.022027600556612015, 0), (-0.00015169983089435846, 0.022030137479305267, 0.9997572898864746, 0), (9.369171142578125, 57.73163604736328, -0.3175521194934845, 1) ), ( (-0.9984714984893799, -0.02461274527013302, -0.04948556795716286, 0), (-0.022671302780508995, -0.6341724395751953, 0.7728591561317444, 0), (-0.05040457099676132, 0.7727997899055481, 0.6326451301574707, 0), (10.458476066589355, 11.492629051208496, 0.7015120983123779, 1) ), ( (-0.999726414680481, 0.018829381093382835, -0.013875781558454037, 0), (-0.014206070452928543, -0.0175222959369421, 0.9997455477714539, 0), (0.01858145371079445, 0.9996691346168518, 0.01778499409556389, 0), (10.08737850189209, 1.1121132373809814, 13.352133750915527, 1) ), ( (-0.999726414680481, 0.018829381093382835, -0.013875781558454037, 0), (-0.014206070452928543, -0.0175222959369421, 0.9997455477714539, 0), (0.01858145371079445, 0.9996691346168518, 0.01778499409556389, 0), (9.992694854736328, 0.9953266978263855, 20.015459060668945, 1) ), ( (-0.9978386759757996, 0.06570939719676971, -0.00046890188241377473, 0), (-0.06571107357740402, -0.9978132843971252, 0.007120389956980944, 0), (7.0579549149574206e-12, 0.007135812658816576, 0.9999745488166809, 0), (-6.62017822265625, 93.80841827392578, -0.9684236645698547, 1) ), ( (-0.9997226595878601, 0.02355024963617325, -0.00016805445193313062, 0), (-0.023550840094685555, -0.9996902942657471, 0.008045153692364693, 0), (0.00002146297447325196, 0.008046879433095455, 0.999967634677887, 0), (-9.369171142578125, 57.73163604736328, -0.21480989456176758, 1) ), ( (-0.9986289143562317, 0.02390063740313053, 0.04657287895679474, 0), (0.022006407380104065, -0.6155732274055481, 0.7877724170684814, 0), (0.047497279942035675, 0.7877172231674194, 0.6142032742500305, 0), (-10.458476066589355, 11.492613792419434, 0.15730534493923187, 1) ), ( (-0.9997419118881226, -0.017996948212385178, 0.013864773325622082, 0), (0.01417988445609808, -0.017501287162303925, 0.9997462630271912, 0), (-0.017749730497598648, 0.9996848702430725, 0.017751965671777725, 0), (-10.087372779846191, 1.1119496822357178, 13.441834449768066, 1) ), ( (-0.9997419118881226, -0.017996948212385178, 0.013864773325622082, 0), (0.01417988445609808, -0.017501287162303925, 0.9997462630271912, 0), (-0.017749730497598648, 0.9996848702430725, 0.017751965671777725, 0), (-9.99268627166748, 0.995083749294281, 20.11770248413086, 1) )]
        uniform token[] joints = ["/mixamorig_Hips", "/mixamorig_Hips/mixamorig_Spine", "/mixamorig_Hips/mixamorig_Spine/mixamorig_Spine1", "/mixamorig_Hips/mixamorig_Spine/mixamorig_Spine1/mixamorig_Spine2", "/mixamorig_Hips/mixamorig_Spine/mixamorig_Spine1/mixamorig_Spine2/mixamorig_Neck", "/mixamorig_Hips/mixamorig_Spine/mixamorig_Spine1/mixamorig_Spine2/mixamorig_Neck/mixamorig_Head", "/mixamorig_Hips/mixamorig_Spine/mixamorig_Spine1/mixamorig_Spine2/mixamorig_Neck/mixamorig_Head/mixamorig_HeadTop_End", "/mixamorig_Hips/mixamorig_Spine/mixamorig_Spine1/mixamorig_Spine2/mixamorig_LeftShoulder", "/mixamorig_Hips/mixamorig_Spine/mixamorig_Spine1/mixamorig_Spine2/mixamorig_LeftShoulder/mixamorig_LeftArm", "/mixamorig_Hips/mixamorig_Spine/mixamorig_Spine1/mixamorig_Spine2/mixamorig_LeftShoulder/mixamorig_LeftArm/mixamorig_LeftForeArm", "/mixamorig_Hips/mixamorig_Spine/mixamorig_Spine1/mixamorig_Spine2/mixamorig_LeftShoulder/mixamorig_LeftArm/mixamorig_LeftForeArm/mixamorig_LeftHand", "/mixamorig_Hips/mixamorig_Spine/mixamorig_Spine1/mixamorig_Spine2/mixamorig_LeftShoulder/mixamorig_LeftArm/mixamorig_LeftForeArm/mixamorig_LeftHand/mixamorig_LeftHandThumb1", "/mixamorig_Hips/mixamorig_Spine/mixamorig_Spine1/mixamorig_Spine2/mixamorig_LeftShoulder/mixamorig_LeftArm/mixamorig_LeftForeArm/mixamorig_LeftHand/mixamorig_LeftHandThumb1/mixamorig_LeftHandThumb2", "/mixamorig_Hips/mixamorig_Spine/mixamorig_Spine1/mixamorig_Spine2/mixamorig_LeftShoulder/mixamorig_LeftArm/mixamorig_LeftForeArm/mixamorig_LeftHand/mixamorig_LeftHandThumb1/mixamorig_LeftHandThumb2/mixamorig_LeftHandThumb3", "/mixamorig_Hips/mixamorig_Spine/mixamorig_Spine1/mixamorig_Spine2/mixamorig_LeftShoulder/mixamorig_LeftArm/mixamorig_LeftForeArm/mixamorig_LeftHand/mixamorig_LeftHandThumb1/mixamorig_LeftHandThumb2/mixamorig_LeftHandThumb3/mixamorig_LeftHandThumb4", "/mixamorig_Hips/mixamorig_Spine/mixamorig_Spine1/mixamorig_Spine2/mixamorig_LeftShoulder/mixamorig_LeftArm/mixamorig_LeftForeArm/mixamorig_LeftHand/mixamorig_LeftHandIndex1", "/mixamorig_Hips/mixamorig_Spine/mixamorig_Spine1/mixamorig_Spine2/mixamorig_LeftShoulder/mixamorig_LeftArm/mixamorig_LeftForeArm/mixamorig_LeftHand/mixamorig_LeftHandIndex1/mixamorig_LeftHandIndex2", "/mixamorig_Hips/mixamorig_Spine/mixamorig_Spine1/mixamorig_Spine2/mixamorig_LeftShoulder/mixamorig_LeftArm/mixamorig_LeftForeArm/mixamorig_LeftHand/mixamorig_LeftHandIndex1/mixamorig_LeftHandIndex2/mixamorig_LeftHandIndex3", "/mixamorig_Hips/mixamorig_Spine/mixamorig_Spine1/mixamorig_Spine2/mixamorig_LeftShoulder/mixamorig_LeftArm/mixamorig_LeftForeArm/mixamorig_LeftHand/mixamorig_LeftHandIndex1/mixamorig_LeftHandIndex2/mixamorig_LeftHandIndex3/mixamorig_LeftHandIndex4", "/mixamorig_Hips/mixamorig_Spine/mixamorig_Spine1/mixamorig_Spine2/mixamorig_LeftShoulder/mixamorig_LeftArm/mixamorig_LeftForeArm/mixamorig_LeftHand/mixamorig_LeftHandMiddle1", "/mixamorig_Hips/mixamorig_Spine/mixamorig_Spine1/mixamorig_Spine2/mixamorig_LeftShoulder/mixamorig_LeftArm/mixamorig_LeftForeArm/mixamorig_LeftHand/mixamorig_LeftHandMiddle1/mixamorig_LeftHandMiddle2", "/mixamorig_Hips/mixamorig_Spine/mixamorig_Spine1/mixamorig_Spine2/mixamorig_LeftShoulder/mixamorig_LeftArm/mixamorig_LeftForeArm/mixamorig_LeftHand/mixamorig_LeftHandMiddle1/mixamorig_LeftHandMiddle2/mixamorig_LeftHandMiddle3", "/mixamorig_Hips/mixamorig_Spine/mixamorig_Spine1/mixamorig_Spine2/mixamorig_LeftShoulder/mixamorig_LeftArm/mixamorig_LeftForeArm/mixamorig_LeftHand/mixamorig_LeftHandMiddle1/mixamorig_LeftHandMiddle2/mixamorig_LeftHandMiddle3/mixamorig_LeftHandMiddle4", "/mixamorig_Hips/mixamorig_Spine/mixamorig_Spine1/mixamorig_Spine2/mixamorig_LeftShoulder/mixamorig_LeftArm/mixamorig_LeftForeArm/mixamorig_LeftHand/mixamorig_LeftHandRing1", "/mixamorig_Hips/mixamorig_Spine/mixamorig_Spine1/mixamorig_Spine2/mixamorig_LeftShoulder/mixamorig_LeftArm/mixamorig_LeftForeArm/mixamorig_LeftHand/mixamorig_LeftHandRing1/mixamorig_LeftHandRing2", "/mixamorig_Hips/mixamorig_Spine/mixamorig_Spine1/mixamorig_Spine2/mixamorig_LeftShoulder/mixamorig_LeftArm/mixamorig_LeftForeArm/mixamorig_LeftHand/mixamorig_LeftHandRing1/mixamorig_LeftHandRing2/mixamorig_LeftHandRing3", "/mixamorig_Hips/mixamorig_Spine/mixamorig_Spine1/mixamorig_Spine2/mixamorig_LeftShoulder/mixamorig_LeftArm/mixamorig_LeftForeArm/mixamorig_LeftHand/mixamorig_LeftHandRing1/mixamorig_LeftHandRing2/mixamorig_LeftHandRing3/mixamorig_LeftHandRing4", "/mixamorig_Hips/mixamorig_Spine/mixamorig_Spine1/mixamorig_Spine2/mixamorig_LeftShoulder/mixamorig_LeftArm/mixamorig_LeftForeArm/mixamorig_LeftHand/mixamorig_LeftHandPinky1", "/mixamorig_Hips/mixamorig_Spine/mixamorig_Spine1/mixamorig_Spine2/mixamorig_LeftShoulder/mixamorig_LeftArm/mixamorig_LeftForeArm/mixamorig_LeftHand/mixamorig_LeftHandPinky1/mixamorig_LeftHandPinky2", "/mixamorig_Hips/mixamorig_Spine/mixamorig_Spine1/mixamorig_Spine2/mixamorig_LeftShoulder/mixamorig_LeftArm/mixamorig_LeftForeArm/mixamorig_LeftHand/mixamorig_LeftHandPinky1/mixamorig_LeftHandPinky2/mixamorig_LeftHandPinky3", "/mixamorig_Hips/mixamorig_Spine/mixamorig_Spine1/mixamorig_Spine2/mixamorig_LeftShoulder/mixamorig_LeftArm/mixamorig_LeftForeArm/mixamorig_LeftHand/mixamorig_LeftHandPinky1/mixamorig_LeftHandPinky2/mixamorig_LeftHandPinky3/mixamorig_LeftHandPinky4", "/mixamorig_Hips/mixamorig_Spine/mixamorig_Spine1/mixamorig_Spine2/mixamorig_RightShoulder", "/mixamorig_Hips/mixamorig_Spine/mixamorig_Spine1/mixamorig_Spine2/mixamorig_RightShoulder/mixamorig_RightArm", "/mixamorig_Hips/mixamorig_Spine/mixamorig_Spine1/mixamorig_Spine2/mixamorig_RightShoulder/mixamorig_RightArm/mixamorig_RightForeArm", "/mixamorig_Hips/mixamorig_Spine/mixamorig_Spine1/mixamorig_Spine2/mixamorig_RightShoulder/mixamorig_RightArm/mixamorig_RightForeArm/mixamorig_RightHand", "/mixamorig_Hips/mixamorig_Spine/mixamorig_Spine1/mixamorig_Spine2/mixamorig_RightShoulder/mixamorig_RightArm/mixamorig_RightForeArm/mixamorig_RightHand/mixamorig_RightHandThumb1", "/mixamorig_Hips/mixamorig_Spine/mixamorig_Spine1/mixamorig_Spine2/mixamorig_RightShoulder/mixamorig_RightArm/mixamorig_RightForeArm/mixamorig_RightHand/mixamorig_RightHandThumb1/mixamorig_RightHandThumb2", "/mixamorig_Hips/mixamorig_Spine/mixamorig_Spine1/mixamorig_Spine2/mixamorig_RightShoulder/mixamorig_RightArm/mixamorig_RightForeArm/mixamorig_RightHand/mixamorig_RightHandThumb1/mixamorig_RightHandThumb2/mixamorig_RightHandThumb3", "/mixamorig_Hips/mixamorig_Spine/mixamorig_Spine1/mixamorig_Spine2/mixamorig_RightShoulder/mixamorig_RightArm/mixamorig_RightForeArm/mixamorig_RightHand/mixamorig_RightHandThumb1/mixamorig_RightHandThumb2/mixamorig_RightHandThumb3/mixamorig_RightHandThumb4", "/mixamorig_Hips/mixamorig_Spine/mixamorig_Spine1/mixamorig_Spine2/mixamorig_RightShoulder/mixamorig_RightArm/mixamorig_RightForeArm/mixamorig_RightHand/mixamorig_RightHandIndex1", "/mixamorig_Hips/mixamorig_Spine/mixamorig_Spine1/mixamorig_Spine2/mixamorig_RightShoulder/mixamorig_RightArm/mixamorig_RightForeArm/mixamorig_RightHand/mixamorig_RightHandIndex1/mixamorig_RightHandIndex2", "/mixamorig_Hips/mixamorig_Spine/mixamorig_Spine1/mixamorig_Spine2/mixamorig_RightShoulder/mixamorig_RightArm/mixamorig_RightForeArm/mixamorig_RightHand/mixamorig_RightHandIndex1/mixamorig_RightHandIndex2/mixamorig_RightHandIndex3", "/mixamorig_Hips/mixamorig_Spine/mixamorig_Spine1/mixamorig_Spine2/mixamorig_RightShoulder/mixamorig_RightArm/mixamorig_RightForeArm/mixamorig_RightHand/mixamorig_RightHandIndex1/mixamorig_RightHandIndex2/mixamorig_RightHandIndex3/mixamorig_RightHandIndex4", "/mixamorig_Hips/mixamorig_Spine/mixamorig_Spine1/mixamorig_Spine2/mixamorig_RightShoulder/mixamorig_RightArm/mixamorig_RightForeArm/mixamorig_RightHand/mixamorig_RightHandMiddle1", "/mixamorig_Hips/mixamorig_Spine/mixamorig_Spine1/mixamorig_Spine2/mixamorig_RightShoulder/mixamorig_RightArm/mixamorig_RightForeArm/mixamorig_RightHand/mixamorig_RightHandMiddle1/mixamorig_RightHandMiddle2", "/mixamorig_Hips/mixamorig_Spine/mixamorig_Spine1/mixamorig_Spine2/mixamorig_RightShoulder/mixamorig_RightArm/mixamorig_RightForeArm/mixamorig_RightHand/mixamorig_RightHandMiddle1/mixamorig_RightHandMiddle2/mixamorig_RightHandMiddle3", "/mixamorig_Hips/mixamorig_Spine/mixamorig_Spine1/mixamorig_Spine2/mixamorig_RightShoulder/mixamorig_RightArm/mixamorig_RightForeArm/mixamorig_RightHand/mixamorig_RightHandMiddle1/mixamorig_RightHandMiddle2/mixamorig_RightHandMiddle3/mixamorig_RightHandMiddle4", "/mixamorig_Hips/mixamorig_Spine/mixamorig_Spine1/mixamorig_Spine2/mixamorig_RightShoulder/mixamorig_RightArm/mixamorig_RightForeArm/mixamorig_RightHand/mixamorig_RightHandRing1", "/mixamorig_Hips/mixamorig_Spine/mixamorig_Spine1/mixamorig_Spine2/mixamorig_RightShoulder/mixamorig_RightArm/mixamorig_RightForeArm/mixamorig_RightHand/mixamorig_RightHandRing1/mixamorig_RightHandRing2", "/mixamorig_Hips/mixamorig_Spine/mixamorig_Spine1/mixamorig_Spine2/mixamorig_RightShoulder/mixamorig_RightArm/mixamorig_RightForeArm/mixamorig_RightHand/mixamorig_RightHandRing1/mixamorig_RightHandRing2/mixamorig_RightHandRing3", "/mixamorig_Hips/mixamorig_Spine/mixamorig_Spine1/mixamorig_Spine2/mixamorig_RightShoulder/mixamorig_RightArm/mixamorig_RightForeArm/mixamorig_RightHand/mixamorig_RightHandRing1/mixamorig_RightHandRing2/mixamorig_RightHandRing3/mixamorig_RightHandRing4", "/mixamorig_Hips/mixamorig_Spine/mixamorig_Spine1/mixamorig_Spine2/mixamorig_RightShoulder/mixamorig_RightArm/mixamorig_RightForeArm/mixamorig_RightHand/mixamorig_RightHandPinky1", "/mixamorig_Hips/mixamorig_Spine/mixamorig_Spine1/mixamorig_Spine2/mixamorig_RightShoulder/mixamorig_RightArm/mixamorig_RightForeArm/mixamorig_RightHand/mixamorig_RightHandPinky1/mixamorig_RightHandPinky2", "/mixamorig_Hips/mixamorig_Spine/mixamorig_Spine1/mixamorig_Spine2/mixamorig_RightShoulder/mixamorig_RightArm/mixamorig_RightForeArm/mixamorig_RightHand/mixamorig_RightHandPinky1/mixamorig_RightHandPinky2/mixamorig_RightHandPinky3", "/mixamorig_Hips/mixamorig_Spine/mixamorig_Spine1/mixamorig_Spine2/mixamorig_RightShoulder/mixamorig_RightArm/mixamorig_RightForeArm/mixamorig_RightHand/mixamorig_RightHandPinky1/mixamorig_RightHandPinky2/mixamorig_RightHandPinky3/mixamorig_RightHandPinky4", "/mixamorig_Hips/mixamorig_LeftUpLeg", "/mixamorig_Hips/mixamorig_LeftUpLeg/mixamorig_LeftLeg", "/mixamorig_Hips/mixamorig_LeftUpLeg/mixamorig_LeftLeg/mixamorig_LeftFoot", "/mixamorig_Hips/mixamorig_LeftUpLeg/mixamorig_LeftLeg/mixamorig_LeftFoot/mixamorig_LeftToeBase", "/mixamorig_Hips/mixamorig_LeftUpLeg/mixamorig_LeftLeg/mixamorig_LeftFoot/mixamorig_LeftToeBase/mixamorig_LeftToe_End", "/mixamorig_Hips/mixamorig_RightUpLeg", "/mixamorig_Hips/mixamorig_RightUpLeg/mixamorig_RightLeg", "/mixamorig_Hips/mixamorig_RightUpLeg/mixamorig_RightLeg/mixamorig_RightFoot", "/mixamorig_Hips/mixamorig_RightUpLeg/mixamorig_RightLeg/mixamorig_RightFoot/mixamorig_RightToeBase", "/mixamorig_Hips/mixamorig_RightUpLeg/mixamorig_RightLeg/mixamorig_RightFoot/mixamorig_RightToeBase/mixamorig_RightToe_End"]
        uniform matrix4d[] restTransforms = [( (1, 0, 0, 0), (0, 1, 0, 0), (0, 0, 1, 0), (0, 102.6252670288086, -0.5212408900260925, 1) ), ( (1, 0, 0, 0), (0, 1, 0, 0), (0, 0, 1, 0), (0, 5.645721435546875, -0.03192931413650513, 1) ), ( (1, 0, 0, 0), (0, 1, 0, 0), (0, 0, 1, 0), (0, 6.5867827688357465, -5.621174151149155e-10, 1) ), ( (1, 0, 0, 0), (0, 1, 0, 0), (0, 0, 1, 0), (0, 7.527753915672307, -3.2164849950166996e-10, 1) ), ( (1, 0, 0, 0), (0, 1, 0, 0), (0, 0, 1, 0), (0, 8.468717433598385, -1.072268635202156e-7, 1) ), ( (1, 0, 0, 0), (0, 1, 0, 0), (0, 0, 1, 0), (0, 5.9989013671875, -1.1589573621749878, 1) ), ( (1, 0, 0, 0), (0, 1, 0, 0), (0, 0, 1, 0), (0, 21.748809814453125, -4.201760172843933, 1) ), ( (1, 0, 0, 0), (0, 1, 0, 0), (0, 0, 1, 0), (3.4146652221679688, 7.343370606142969, -0.017398552165224256, 1) ), ( (1, 0, 0, 0), (0, 1, 0, 0), (0, 0, 1, 0), (-4.5685145805274274e-9, 7.18968096488797, -1.0260804117478983e-7, 1) ), ( (1, 0, 0, 0), (0, 1, 0, 0), (0, 0, 1, 0), (-2.0268892342301115e-8, 24.203571210029505, -1.3768163853455917e-7, 1) ), ( (1, 0, 0, 0), (0, 1, 0, 0), (0, 0, 1, 0), (1.5421113538915954e-8, 21.595101670693296, -1.418536754727029e-7, 1) ), ( (1, 0, 0, 0), (0, 1, 0, 0), (0, 0, 1, 0), (-2.145261809788975, 2.0982353243693908, 1.106680073423476, 1) ), ( (1, 0, 0, 0), (0, 1, 0, 0), (0, 0, 1, 0), (-0.44221941592747527, 2.5201806511039027, 1.2371793900456396e-7, 1) ), ( (1, 0, 0, 0), (0, 1, 0, 0), (0, 0, 1, 0), (0.0500974657671307, 3.105542249249954, -6.247591954888776e-8, 1) ), ( (1, 0, 0, 0), (0, 1, 0, 0), (0, 0, 1, 0), (0.39212160183967626, 2.677078753924423, 5.684231041414023e-8, 1) ), ( (1, 0, 0, 0), (0, 1, 0, 0), (0, 0, 1, 0), (-2.5610247556702745, 7.100103828511543, 0.04859033928467227, 1) ), ( (1, 0, 0, 0), (0, 1, 0, 0), (0, 0, 1, 0), (-0.0005650302786328609, 3.000096575799084, -1.298931806559267e-8, 1) ), ( (1, 0, 0, 0), (0, 1, 0, 0), (0, 0, 1, 0), (0.0004741068554494632, 2.7485797308458757, -1.913970493205852e-8, 1) ), ( (1, 0, 0, 0), (0, 1, 0, 0), (0, 0, 1, 0), (0.00009100497549852093, 2.3343476638241327, -1.3392380537879944e-8, 1) ), ( (1, 0, 0, 0), (0, 1, 0, 0), (0, 0, 1, 0), (-0.8249275260289064, 7.382678980060142, -0.10472900945300978, 1) ), ( (1, 0, 0, 0), (0, 1, 0, 0), (0, 0, 1, 0), (-0.0018941756717865132, 3.3795659030858474, -2.8122343564973562e-8, 1) ), ( (1, 0, 0, 0), (0, 1, 0, 0), (0, 0, 1, 0), (0.00551416321822451, 3.190789480904904, -1.2754725275954115e-8, 1) ), ( (1, 0, 0, 0), (0, 1, 0, 0), (0, 0, 1, 0), (-0.003619975647191964, 2.752040576426893, -2.5211448928530444e-8, 1) ), ( (1, 0, 0, 0), (0, 1, 0, 0), (0, 0, 1, 0), (0.8877625284829467, 7.537541346250471, 0.09635065424799905, 1) ), ( (1, 0, 0, 0), (0, 1, 0, 0), (0, 0, 1, 0), (-0.004293442144426507, 2.8452310292163645, -8.384516547721432e-8, 1) ), ( (1, 0, 0, 0), (0, 1, 0, 0), (0, 0, 1, 0), (0.0007450151633126012, 2.6810086067557677, -3.904810341737175e-8, 1) ), ( (1, 0, 0, 0), (0, 1, 0, 0), (0, 0, 1, 0), (0.0035483852071482858, 2.280712290404807, -2.588785719126463e-8, 1) ), ( (1, 0, 0, 0), (0, 1, 0, 0), (0, 0, 1, 0), (2.4981898068063, 7.361747591285543, 0.028722786397210598, 1) ), ( (1, 0, 0, 0), (0, 1, 0, 0), (0, 0, 1, 0), (0.0005244484627251467, 2.480184953359341, -2.5478186671534786e-8, 1) ), ( (1, 0, 0, 0), (0, 1, 0, 0), (0, 0, 1, 0), (0.0013815159781156439, 1.9510986144811255, -2.053182868166914e-8, 1) ), ( (1, 0, 0, 0), (0, 1, 0, 0), (0, 0, 1, 0), (-0.0019060057551438803, 1.6595452873118717, -1.620752243525203e-8, 1) ), ( (1, 0, 0, 0), (0, 1, 0, 0), (0, 0, 1, 0), (-3.4146652221679688, 7.343245804568312, 0.004668820196899827, 1) ), ( (1, 0, 0, 0), (0, 1, 0, 0), (0, 0, 1, 0), (-9.220515184704681e-10, 7.189680830957567, -5.097201807302554e-7, 1) ), ( (1, 0, 0, 0), (0, 1, 0, 0), (0, 0, 1, 0), (3.4639253104762346e-8, 24.202718422950117, -0.000002098702481134751, 1) ), ( (1, 0, 0, 0), (0, 1, 0, 0), (0, 0, 1, 0), (-6.937569985154823e-8, 21.595645131136934, 0.000005779043348752566, 1) ), ( (1, 0, 0, 0), (0, 1, 0, 0), (0, 0, 1, 0), (2.1653893942338733, 2.135243081348328, 1.1744984086574135, 1) ), ( (1, 0, 0, 0), (0, 1, 0, 0), (0, 0, 1, 0), (0.43806302971399447, 2.5709491368904818, -2.7664890467349323e-7, 1) ), ( (1, 0, 0, 0), (0, 1, 0, 0), (0, 0, 1, 0), (-0.052068808900187946, 3.059313666946302, -1.854509434906504e-7, 1) ), ( (1, 0, 0, 0), (0, 1, 0, 0), (0, 0, 1, 0), (-0.3859942985952074, 2.6252196765426987, -2.582820002317021e-7, 1) ), ( (1, 0, 0, 0), (0, 1, 0, 0), (0, 0, 1, 0), (2.566982461432813, 7.104994557343964, 0.0394413830554754, 1) ), ( (1, 0, 0, 0), (0, 1, 0, 0), (0, 0, 1, 0), (-0.0010055016048013954, 2.9493301909157026, -2.578863842472856e-7, 1) ), ( (1, 0, 0, 0), (0, 1, 0, 0), (0, 0, 1, 0), (-0.0055375141868871935, 2.8015709527954726, -2.503345797322254e-7, 1) ), ( (1, 0, 0, 0), (0, 1, 0, 0), (0, 0, 1, 0), (0.006543011917571562, 2.363545817912751, -1.8492787035029323e-7, 1) ), ( (1, 0, 0, 0), (0, 1, 0, 0), (0, 0, 1, 0), (0.836095066975389, 7.262776732131009, -0.11012271334750778, 1) ), ( (1, 0, 0, 0), (0, 1, 0, 0), (0, 0, 1, 0), (0.009278454681902915, 3.311087636808537, -2.8718906719404913e-7, 1) ), ( (1, 0, 0, 0), (0, 1, 0, 0), (0, 0, 1, 0), (-0.000049416818511005545, 3.1891068796485413, -2.6249693974023103e-7, 1) ), ( (1, 0, 0, 0), (0, 1, 0, 0), (0, 0, 1, 0), (-0.009229092977149023, 2.691511063621242, -2.3662346393393818e-7, 1) ), ( (1, 0, 0, 0), (0, 1, 0, 0), (0, 0, 1, 0), (-0.9853346296963696, 7.49267511169456, -0.018888688955016164, 1) ), ( (1, 0, 0, 0), (0, 1, 0, 0), (0, 0, 1, 0), (0.0014956078891916746, 2.8155075631170092, -2.4060982184437307e-7, 1) ), ( (1, 0, 0, 0), (0, 1, 0, 0), (0, 0, 1, 0), (-0.00006296944097705648, 2.7356840795382737, -2.452579508371855e-7, 1) ), ( (1, 0, 0, 0), (0, 1, 0, 0), (0, 0, 1, 0), (-0.0014326770877293171, 2.3531797965960806, -1.981640735948531e-7, 1) ), ( (1, 0, 0, 0), (0, 1, 0, 0), (0, 0, 1, 0), (-2.4177430439647107, 7.441803601712003, 0.09101294119413694, 1) ), ( (1, 0, 0, 0), (0, 1, 0, 0), (0, 0, 1, 0), (-0.0007026199307738068, 2.4493197083940714, -1.9783041693699488e-7, 1) ), ( (1, 0, 0, 0), (0, 1, 0, 0), (0, 0, 1, 0), (-0.006402274047761836, 1.9660471414795495, -1.692766460337225e-7, 1) ), ( (1, 0, 0, 0), (0, 1, 0, 0), (0, 0, 1, 0), (0.007104916412603579, 1.6121032645666702, -1.5673352038447774e-7, 1) ), ( (1, 0, 0, 0), (0, 1, 0, 0), (0, 0, 1, 0), (6.62017822265625, -8.816848754882812, -0.4471827745437622, 1) ), ( (1, 0, 0, 0), (0, 1, 0, 0), (0, 0, 1, 0), (-0.37225657254723643, 36.18519532682815, 0.08833977723480674, 1) ), ( (1, 0, 0, 0), (0, 1, 0, 0), (0, 0, 1, 0), (-1.1171875335946879e-7, 46.26306061274807, -1.8575215809946144e-9, 1) ), ( (1, 0, 0, 0), (0, 1, 0, 0), (0, 0, 1, 0), (1.3419958833083e-7, 16.36859995686865, -0.0000010914167933862018, 1) ), ( (1, 0, 0, 0), (0, 1, 0, 0), (0, 0, 1, 0), (-1.1533164467891766e-7, 6.665021238778079, -6.283188724864885e-8, 1) ), ( (1, 0, 0, 0), (0, 1, 0, 0), (0, 0, 1, 0), (-6.62017822265625, -8.816848754882812, -0.4471827745437622, 1) ), ( (1, 0, 0, 0), (0, 1, 0, 0), (0, 0, 1, 0), (0.37211439460433837, 36.18389801988351, 0.4961574188764124, 1) ), ( (1, 0, 0, 0), (0, 1, 0, 0), (0, 0, 1, 0), (-2.592312977611755e-7, 46.253347175306416, -4.735574052339153e-8, 1) ), ( (1, 0, 0, 0), (0, 1, 0, 0), (0, 0, 1, 0), (-2.3255114456333104e-7, 16.863410126846365, -3.9072317825628033e-7, 1) ), ( (1, 0, 0, 0), (0, 1, 0, 0), (0, 0, 1, 0), (5.545899508518914e-7, 6.677562370893105, 1.3640983675955454e-8, 1) )]
        rel skel:animationSource = </Model/Skel/Anim>

        def SkelAnimation "Anim"
        {
        }
    }
}

